6,1,58
6,3,20
12,1,92
12,3,61
18,1,55
18,3,10
24,1,24
24,3,98
30,1,80
30,3,64
36,1,25
36,3,1
42,1,37
42,3,39
48,1,3
48,3,68
54,1,46
54,3,48
60,1,57
60,3,23
66,1,86
66,3,50
72,1,77
72,3,83
78,1,15
78,3,63
84,1,56
84,3,47
90,1,84
90,3,20
96,1,93
96,3,49
102,1,47
102,3,82
108,1,23
108,3,4
114,1,32
114,3,25
120,1,58
120,3,14
126,1,27
126,3,26
132,1,81
132,3,70
138,1,14
138,3,24
144,1,14
144,3,65
150,1,43
150,3,88
156,1,90
156,3,44
162,1,17
162,3,82
168,1,91
168,3,55
174,1,17
174,3,17
180,1,69
180,3,21
186,1,82
186,3,52
192,1,41
192,3,25
198,1,21
198,3,81
204,1,18
204,3,48
210,1,66
210,3,81
216,1,74
216,3,100
222,1,45
222,3,47
228,1,53
228,3,33
234,1,76
234,3,97
240,1,7
240,3,6
246,1,27
246,3,83
252,1,25
252,3,26
258,1,65
258,3,79
264,1,67
264,3,81
270,1,95
270,3,4
276,1,88
276,3,64
282,1,71
282,3,85
288,1,85
288,3,11
294,1,55
294,3,60
300,1,6
300,3,54
306,1,29
306,3,74
312,1,61
312,3,83
318,1,0
318,3,35
324,1,24
324,3,3
330,1,81
330,3,57
336,1,59
336,3,16
342,1,43
342,3,67
348,1,72
348,3,70
354,1,33
354,3,16
360,1,84
360,3,32
366,1,73
366,3,32
372,1,0
372,3,61
378,1,17
378,3,62
384,1,44
384,3,39
390,1,75
390,3,39
396,1,75
396,3,73
402,1,60
402,3,57
408,1,66
408,3,59
414,1,81
414,3,51
420,1,55
420,3,97
426,1,18
426,3,16
432,1,81
432,3,86
438,1,39
438,3,51
444,1,66
444,3,79
450,1,6
450,3,15
456,1,2
456,3,90
462,1,20
462,3,45
468,1,43
468,3,68
474,1,34
474,3,49
480,1,75
480,3,96
486,1,42
486,3,68
492,1,32
492,3,55
498,1,73
498,3,97
504,1,87
504,3,89
510,1,86
510,3,30
516,1,61
516,3,94
522,1,9
522,3,26
528,1,36
528,3,58
534,1,42
534,3,4
540,1,87
540,3,73
546,1,3
546,3,72
552,1,71
552,3,85
558,1,94
558,3,30
564,1,29
564,3,9
570,1,58
570,3,76
576,1,60
576,3,96
582,1,74
582,3,19
588,1,73
588,3,14
594,1,50
594,3,81
600,1,28
600,3,71
606,1,1
606,3,54
612,1,19
612,3,7
618,1,10
618,3,80
624,1,33
624,3,100
630,1,25
630,3,48
636,1,4
636,3,91
642,1,73
642,3,74
648,1,97
648,3,90
654,1,40
654,3,74
660,1,60
660,3,72
666,1,100
666,3,78
672,1,73
672,3,4
678,1,29
678,3,68
684,1,70
684,3,5
690,1,7
690,3,4
696,1,15
696,3,61
702,1,77
702,3,40
708,1,23
708,3,44
714,1,58
714,3,69
720,1,88
720,3,1
726,1,18
726,3,82
732,1,38
732,3,38
738,1,13
738,3,4
744,1,25
744,3,36
750,1,68
750,3,71
756,1,91
756,3,5
762,1,39
762,3,21
768,1,97
768,3,89
774,1,11
774,3,58
780,1,88
780,3,9
786,1,22
786,3,76
792,1,33
792,3,78
798,1,10
798,3,35
804,1,7
804,3,8
810,1,31
810,3,89
816,1,79
816,3,49
822,1,21
822,3,24
828,1,13
828,3,20
834,1,69
834,3,8
840,1,44
840,3,93
846,1,79
846,3,90
852,1,10
852,3,8
858,1,53
858,3,69
864,1,87
864,3,63
870,1,79
870,3,0
876,1,8
876,3,66
882,1,79
882,3,26
888,1,39
888,3,22
894,1,67
894,3,78
900,1,67
900,3,30
906,1,62
906,3,28
912,1,69
912,3,4
918,1,91
918,3,49
924,1,61
924,3,42
930,1,21
930,3,59
936,1,12
936,3,40
942,1,100
942,3,60
948,1,90
948,3,65
954,1,20
954,3,60
960,1,65
960,3,50
966,1,21
966,3,50
972,1,19
972,3,26
978,1,14
978,3,27
984,1,44
984,3,62
990,1,10
990,3,56
996,1,87
996,3,1
1002,1,25
1002,3,61
1008,1,78
1008,3,63
1014,1,9
1014,3,64
1020,1,57
1020,3,67
1026,1,7
1026,3,88
1032,1,67
1032,3,7
1038,1,22
1038,3,71
1044,1,18
1044,3,39
1050,1,96
1050,3,10
1056,1,62
1056,3,79
1062,1,12
1062,3,21
1068,1,61
1068,3,72
1074,1,93
1074,3,58
1080,1,51
1080,3,39
1086,1,75
1086,3,8
1092,1,94
1092,3,3
1098,1,67
1098,3,33
1104,1,85
1104,3,74
1110,1,71
1110,3,15
1116,1,69
1116,3,95
1122,1,89
1122,3,26
1128,1,13
1128,3,17
1134,1,82
1134,3,74
1140,1,1
1140,3,46
1146,1,79
1146,3,10
1152,1,15
1152,3,21
1158,1,38
1158,3,99
1164,1,25
1164,3,4
1170,1,48
1170,3,44
1176,1,21
1176,3,16
1182,1,78
1182,3,79
1188,1,34
1188,3,27
1194,1,67
1194,3,57
1200,1,32
1200,3,26
1206,1,35
1206,3,61
1212,1,90
1212,3,73
1218,1,3
1218,3,31
1224,1,52
1224,3,41
1230,1,93
1230,3,59
1236,1,86
1236,3,25
1242,1,25
1242,3,69
1248,1,46
1248,3,21
1254,1,81
1254,3,7
1260,1,82
1260,3,100
1266,1,17
1266,3,28
1272,1,9
1272,3,7
1278,1,91
1278,3,52
1284,1,85
1284,3,98
1290,1,42
1290,3,6
1296,1,32
1296,3,32
1302,1,81
1302,3,70
1308,1,73
1308,3,55
1314,1,76
1314,3,33
1320,1,29
1320,3,52
1326,1,66
1326,3,44
1332,1,22
1332,3,68
1338,1,58
1338,3,19
1344,1,17
1344,3,22
1350,1,15
1350,3,61
1356,1,90
1356,3,79
1362,1,100
1362,3,87
1368,1,60
1368,3,71
1374,1,89
1374,3,29
1380,1,62
1380,3,83
1386,1,70
1386,3,66
1392,1,43
1392,3,80
1398,1,78
1398,3,23
1404,1,41
1404,3,99
1410,1,44
1410,3,43
1416,1,83
1416,3,85
1422,1,72
1422,3,3
1428,1,96
1428,3,61
1434,1,42
1434,3,33
1440,1,48
1440,3,1
1446,1,24
1446,3,36
1452,1,4
1452,3,68
1458,1,8
1458,3,5
1464,1,8
1464,3,71
1470,1,58
1470,3,24
1476,1,88
1476,3,55
1482,1,95
1482,3,76
1488,1,51
1488,3,12
1494,1,5
1494,3,21
1500,1,44
1500,3,40
1506,1,20
1506,3,28
1512,1,9
1512,3,21
1518,1,24
1518,3,28
1524,1,58
1524,3,91
1530,1,55
1530,3,69
1536,1,41
1536,3,16
1542,1,2
1542,3,70
1548,1,65
1548,3,34
1554,1,96
1554,3,60
1560,1,11
1560,3,8
1566,1,95
1566,3,52
1572,1,32
1572,3,8
1578,1,27
1578,3,40
1584,1,28
1584,3,42
1590,1,75
1590,3,81
1596,1,80
1596,3,55
1602,1,29
1602,3,17
1608,1,25
1608,3,66
1614,1,5
1614,3,64
1620,1,89
1620,3,54
1626,1,17
1626,3,15
1632,1,91
1632,3,97
1638,1,37
1638,3,93
1644,1,1
1644,3,78
1650,1,81
1650,3,69
1656,1,47
1656,3,60
1662,1,68
1662,3,5
1668,1,84
1668,3,53
1674,1,84
1674,3,98
1680,1,61
1680,3,65
1686,1,72
1686,3,30
1692,1,1
1692,3,46
1698,1,62
1698,3,40
1704,1,0
1704,3,92
1710,1,73
1710,3,6
1716,1,25
1716,3,71
1722,1,56
1722,3,81
1728,1,55
1728,3,38
1734,1,29
1734,3,67
1740,1,78
1740,3,16
1746,1,76
1746,3,40
1752,1,91
1752,3,69
1758,1,82
1758,3,93
1764,1,97
1764,3,78
1770,1,37
1770,3,75
1776,1,70
1776,3,79
1782,1,37
1782,3,35
1788,1,39
1788,3,72
1794,1,23
1794,3,48
1800,1,42
1800,3,36
1806,1,0
1806,3,79
1812,1,83
1812,3,6
1818,1,25
1818,3,51
1824,1,3
1824,3,6
1830,1,2
1830,3,95
1836,1,21
1836,3,30
1842,1,93
1842,3,73
1848,1,93
1848,3,19
1854,1,35
1854,3,20
1860,1,0
1860,3,35
1866,1,98
1866,3,96
1872,1,60
1872,3,18
1878,1,47
1878,3,25
1884,1,31
1884,3,76
1890,1,1
1890,3,48
1896,1,94
1896,3,89
1902,1,0
1902,3,82
1908,1,47
1908,3,16
1914,1,2
1914,3,50
1920,1,33
1920,3,36
1926,1,64
1926,3,32
1932,1,14
1932,3,43
1938,1,0
1938,3,81
1944,1,13
1944,3,48
1950,1,35
1950,3,14
1956,1,99
1956,3,68
1962,1,74
1962,3,18
1968,1,94
1968,3,12
1974,1,14
1974,3,24
1980,1,97
1980,3,19
1986,1,99
1986,3,83
1992,1,21
1992,3,66
1998,1,97
1998,3,91
2004,1,17
2004,3,75
2010,1,38
2010,3,38
2016,1,46
2016,3,1
2022,1,17
2022,3,98
2028,1,96
2028,3,91
2034,1,19
2034,3,7
2040,1,88
2040,3,34
2046,1,22
2046,3,100
2052,1,29
2052,3,89
2058,1,99
2058,3,19
2064,1,59
2064,3,25
2070,1,52
2070,3,3
2076,1,23
2076,3,88
2082,1,53
2082,3,94
2088,1,86
2088,3,18
2094,1,63
2094,3,8
2100,1,26
2100,3,68
2106,1,29
2106,3,22
2112,1,32
2112,3,79
2118,1,45
2118,3,0
2124,1,79
2124,3,76
2130,1,78
2130,3,11
2136,1,29
2136,3,67
2142,1,43
2142,3,80
2148,1,71
2148,3,67
2154,1,3
2154,3,75
2160,1,53
2160,3,21
2166,1,51
2166,3,38
2172,1,91
2172,3,95
2178,1,92
2178,3,74
2184,1,3
2184,3,10
2190,1,41
2190,3,84
2196,1,58
2196,3,16
2202,1,93
2202,3,66
2208,1,43
2208,3,1
2214,1,81
2214,3,31
2220,1,17
2220,3,3
2226,1,70
2226,3,40
2232,1,86
2232,3,21
2238,1,76
2238,3,13
2244,1,34
2244,3,21
2250,1,80
2250,3,48
2256,1,66
2256,3,41
2262,1,12
2262,3,4
2268,1,4
2268,3,61
2274,1,11
2274,3,30
2280,1,91
2280,3,60
2286,1,59
2286,3,46
2292,1,62
2292,3,68
2298,1,76
2298,3,76
2304,1,71
2304,3,24
2310,1,50
2310,3,84
2316,1,34
2316,3,100
2322,1,16
2322,3,81
2328,1,5
2328,3,19
2334,1,66
2334,3,17
2340,1,13
2340,3,5
2346,1,22
2346,3,74
2352,1,31
2352,3,58
2358,1,24
2358,3,4
2364,1,23
2364,3,57
2370,1,30
2370,3,56
2376,1,48
2376,3,28
2382,1,34
2382,3,56
2388,1,89
2388,3,60
2394,1,49
2394,3,14
2400,1,3
2400,3,69
2406,1,56
2406,3,75
2412,1,76
2412,3,55
2418,1,90
2418,3,23
2424,1,91
2424,3,22
2430,1,34
2430,3,81
2436,1,23
2436,3,82
2442,1,6
2442,3,88
2448,1,2
2448,3,98
2454,1,63
2454,3,21
2460,1,50
2460,3,49
2466,1,98
2466,3,20
2472,1,98
2472,3,87
2478,1,48
2478,3,2
2484,1,17
2484,3,50
2490,1,8
2490,3,73
2496,1,81
2496,3,38
2502,1,50
2502,3,98
2508,1,22
2508,3,79
2514,1,88
2514,3,88
2520,1,38
2520,3,16
2526,1,38
2526,3,1
2532,1,71
2532,3,0
2538,1,87
2538,3,17
2544,1,95
2544,3,17
2550,1,91
2550,3,24
2556,1,31
2556,3,44
2562,1,7
2562,3,18
2568,1,10
2568,3,20
2574,1,97
2574,3,81
2580,1,32
2580,3,65
2586,1,52
2586,3,32
2592,1,61
2592,3,61
2598,1,28
2598,3,9
2604,1,39
2604,3,88
2610,1,32
2610,3,24
2616,1,77
2616,3,14
2622,1,27
2622,3,43
2628,1,74
2628,3,90
2634,1,80
2634,3,73
2640,1,16
2640,3,17
2646,1,42
2646,3,84
2652,1,47
2652,3,6
2658,1,10
2658,3,1
2664,1,13
2664,3,29
2670,1,4
2670,3,39
2676,1,10
2676,3,13
2682,1,46
2682,3,68
2688,1,18
2688,3,60
2694,1,29
2694,3,74
2700,1,92
2700,3,99
2706,1,20
2706,3,14
2712,1,80
2712,3,66
2718,1,87
2718,3,66
2724,1,17
2724,3,46
2730,1,20
2730,3,78
2736,1,31
2736,3,79
2742,1,40
2742,3,97
2748,1,12
2748,3,21
2754,1,62
2754,3,37
2760,1,30
2760,3,80
2766,1,52
2766,3,90
2772,1,42
2772,3,58
2778,1,91
2778,3,77
2784,1,88
2784,3,72
2790,1,27
2790,3,42
2796,1,26
2796,3,53
2802,1,5
2802,3,81
2808,1,12
2808,3,10
2814,1,34
2814,3,32
2820,1,56
2820,3,84
2826,1,46
2826,3,78
2832,1,58
2832,3,26
2838,1,41
2838,3,83
2844,1,86
2844,3,47
2850,1,12
2850,3,75
2856,1,67
2856,3,66
2862,1,81
2862,3,55
2868,1,4
2868,3,0
2874,1,44
2874,3,69
2880,1,26
2880,3,97
2886,1,93
2886,3,97
2892,1,48
2892,3,25
2898,1,17
2898,3,4
2904,1,95
2904,3,58
2910,1,90
2910,3,31
2916,1,13
2916,3,55
2922,1,39
2922,3,91
2928,1,21
2928,3,83
2934,1,62
2934,3,46
2940,1,79
2940,3,50
2946,1,11
2946,3,45
2952,1,15
2952,3,7
2958,1,85
2958,3,82
2964,1,89
2964,3,40
2970,1,53
2970,3,99
2976,1,99
2976,3,61
2982,1,19
2982,3,16
2988,1,70
2988,3,7
2994,1,94
2994,3,25
3000,1,49
3000,3,1
3006,1,3
3006,3,55
3012,1,6
3012,3,59
3018,1,69
3018,3,1
3024,1,13
3024,3,92
3030,1,74
3030,3,61
3036,1,58
3036,3,14
3042,1,8
3042,3,98
3048,1,13
3048,3,79
3054,1,96
3054,3,5
3060,1,36
3060,3,68
3066,1,55
3066,3,13
3072,1,66
3072,3,80
3078,1,57
3078,3,5
3084,1,6
3084,3,65
3090,1,66
3090,3,48
3096,1,8
3096,3,16
3102,1,37
3102,3,2
3108,1,27
3108,3,55
3114,1,37
3114,3,75
3120,1,40
3120,3,17
3126,1,57
3126,3,14
3132,1,40
3132,3,56
3138,1,22
3138,3,89
3144,1,84
3144,3,29
3150,1,12
3150,3,87
3156,1,10
3156,3,55
3162,1,65
3162,3,17
3168,1,58
3168,3,47
3174,1,63
3174,3,51
3180,1,14
3180,3,98
3186,1,30
3186,3,24
3192,1,69
3192,3,19
3198,1,32
3198,3,4
3204,1,36
3204,3,12
3210,1,58
3210,3,85
3216,1,25
3216,3,94
3222,1,67
3222,3,33
3228,1,6
3228,3,15
3234,1,2
3234,3,51
3240,1,4
3240,3,93
3246,1,28
3246,3,68
3252,1,67
3252,3,48
3258,1,6
3258,3,6
3264,1,78
3264,3,96
3270,1,97
3270,3,61
3276,1,88
3276,3,48
3282,1,64
3282,3,74
3288,1,96
3288,3,9
3294,1,27
3294,3,67
3300,1,45
3300,3,98
3306,1,24
3306,3,10
3312,1,35
3312,3,47
3318,1,88
3318,3,17
3324,1,36
3324,3,14
3330,1,23
3330,3,59
3336,1,5
3336,3,61
3342,1,3
3342,3,50
3348,1,61
3348,3,18
3354,1,40
3354,3,100
3360,1,42
3360,3,73
3366,1,58
3366,3,11
3372,1,23
3372,3,49
3378,1,24
3378,3,51
3384,1,40
3384,3,9
3390,1,54
3390,3,78
3396,1,96
3396,3,52
3402,1,49
3402,3,52
3408,1,27
3408,3,2
3414,1,37
3414,3,87
3420,1,94
3420,3,64
3426,1,9
3426,3,24
3432,1,8
3432,3,55
3438,1,57
3438,3,17
3444,1,93
3444,3,28
3450,1,64
3450,3,99
3456,1,41
3456,3,85
3462,1,37
3462,3,12
3468,1,80
3468,3,18
3474,1,14
3474,3,47
3480,1,82
3480,3,58
3486,1,14
3486,3,88
3492,1,74
3492,3,49
3498,1,40
3498,3,34
3504,1,72
3504,3,31
3510,1,56
3510,3,49
3516,1,67
3516,3,47
3522,1,44
3522,3,28
3528,1,78
3528,3,40
3534,1,10
3534,3,99
3540,1,50
3540,3,100
3546,1,68
3546,3,5
3552,1,75
3552,3,90
3558,1,94
3558,3,80
3564,1,84
3564,3,77
3570,1,18
3570,3,33
3576,1,27
3576,3,97
3582,1,16
3582,3,93
3588,1,82
3588,3,58
3594,1,72
3594,3,49
3600,1,63
3600,3,48
3606,1,3
3606,3,100
3612,1,59
3612,3,40
3618,1,43
3618,3,74
3624,1,66
3624,3,84
3630,1,44
3630,3,71
3636,1,78
3636,3,25
3642,1,59
3642,3,97
3648,1,4
3648,3,60
3654,1,58
3654,3,45
3660,1,39
3660,3,15
3666,1,27
3666,3,2
3672,1,6
3672,3,70
3678,1,17
3678,3,1
3684,1,81
3684,3,76
3690,1,93
3690,3,46
3696,1,7
3696,3,6
3702,1,75
3702,3,37
3708,1,45
3708,3,24
3714,1,44
3714,3,75
3720,1,77
3720,3,93
3726,1,60
3726,3,87
3732,1,12
3732,3,16
3738,1,13
3738,3,53
3744,1,93
3744,3,50
3750,1,21
3750,3,26
3756,1,24
3756,3,44
3762,1,16
3762,3,81
3768,1,43
3768,3,8
3774,1,92
3774,3,69
3780,1,67
3780,3,50
3786,1,71
3786,3,100
3792,1,53
3792,3,70
3798,1,59
3798,3,80
3804,1,56
3804,3,0
3810,1,5
3810,3,84
3816,1,30
3816,3,20
3822,1,73
3822,3,98
3828,1,99
3828,3,59
3834,1,38
3834,3,82
3840,1,70
3840,3,68
3846,1,21
3846,3,3
3852,1,60
3852,3,34
3858,1,95
3858,3,38
3864,1,20
3864,3,52
3870,1,55
3870,3,48
3876,1,9
3876,3,39
3882,1,70
3882,3,44
3888,1,31
3888,3,45
3894,1,43
3894,3,73
3900,1,17
3900,3,60
3906,1,95
3906,3,59
3912,1,84
3912,3,69
3918,1,73
3918,3,91
3924,1,72
3924,3,23
3930,1,3
3930,3,54
3936,1,70
3936,3,15
3942,1,2
3942,3,75
3948,1,58
3948,3,99
3954,1,37
3954,3,49
3960,1,40
3960,3,23
3966,1,66
3966,3,62
3972,1,94
3972,3,71
3978,1,81
3978,3,16
3984,1,17
3984,3,0
3990,1,69
3990,3,75
3996,1,2
3996,3,7
4002,1,72
4002,3,0
4008,1,80
4008,3,37
4014,1,90
4014,3,70
4020,1,6
4020,3,95
4026,1,100
4026,3,10
4032,1,61
4032,3,84
4038,1,34
4038,3,87
4044,1,77
4044,3,44
4050,1,40
4050,3,35
4056,1,79
4056,3,30
4062,1,100
4062,3,10
4068,1,52
4068,3,14
4074,1,9
4074,3,52
4080,1,56
4080,3,53
4086,1,74
4086,3,98
4092,1,79
4092,3,27
4098,1,96
4098,3,64
4104,1,75
4104,3,28
4110,1,70
4110,3,32
4116,1,94
4116,3,33
4122,1,54
4122,3,85
4128,1,33
4128,3,46
4134,1,49
4134,3,69
4140,1,46
4140,3,81
4146,1,64
4146,3,87
4152,1,73
4152,3,85
4158,1,97
4158,3,79
4164,1,68
4164,3,5
4170,1,22
4170,3,49
4176,1,2
4176,3,55
4182,1,0
4182,3,41
4188,1,57
4188,3,16
4194,1,22
4194,3,20
4200,1,29
4200,3,3
4206,1,94
4206,3,42
4212,1,55
4212,3,82
4218,1,38
4218,3,54
4224,1,78
4224,3,78
4230,1,86
4230,3,86
4236,1,93
4236,3,54
4242,1,78
4242,3,100
4248,1,84
4248,3,48
4254,1,40
4254,3,91
4260,1,51
4260,3,39
4266,1,44
4266,3,28
4272,1,2
4272,3,36
4278,1,91
4278,3,79
4284,1,59
4284,3,75
4290,1,27
4290,3,83
4296,1,61
4296,3,65
4302,1,22
4302,3,61
4308,1,17
4308,3,21
4314,1,64
4314,3,13
4320,1,60
4320,3,90
4326,1,7
4326,3,48
4332,1,33
4332,3,12
4338,1,57
4338,3,31
4344,1,40
4344,3,8
4350,1,61
4350,3,99
4356,1,62
4356,3,84
4362,1,11
4362,3,79
4368,1,86
4368,3,5
4374,1,28
4374,3,30
4380,1,61
4380,3,62
4386,1,44
4386,3,34
4392,1,54
4392,3,81
4398,1,33
4398,3,34
4404,1,43
4404,3,88
4410,1,75
4410,3,91
4416,1,33
4416,3,49
4422,1,41
4422,3,9
4428,1,61
4428,3,30
4434,1,79
4434,3,49
4440,1,49
4440,3,83
4446,1,36
4446,3,92
4452,1,39
4452,3,47
4458,1,35
4458,3,39
4464,1,41
4464,3,26
4470,1,66
4470,3,38
4476,1,58
4476,3,96
4482,1,47
4482,3,1
4488,1,46
4488,3,19
4494,1,8
4494,3,46
4500,1,15
4500,3,5
4506,1,66
4506,3,67
4512,1,85
4512,3,43
4518,1,0
4518,3,83
4524,1,91
4524,3,54
4530,1,91
4530,3,83
4536,1,66
4536,3,0
4542,1,61
4542,3,30
4548,1,91
4548,3,50
4554,1,71
4554,3,75
4560,1,49
4560,3,43
4566,1,52
4566,3,24
4572,1,29
4572,3,82
4578,1,64
4578,3,2
4584,1,57
4584,3,8
4590,1,79
4590,3,99
4596,1,59
4596,3,48
4602,1,72
4602,3,53
4608,1,71
4608,3,68
4614,1,25
4614,3,82
4620,1,4
4620,3,5
4626,1,98
4626,3,21
4632,1,99
4632,3,11
4638,1,38
4638,3,7
4644,1,70
4644,3,29
4650,1,79
4650,3,32
4656,1,32
4656,3,9
4662,1,94
4662,3,19
4668,1,54
4668,3,84
4674,1,88
4674,3,51
4680,1,11
4680,3,30
4686,1,86
4686,3,1
4692,1,80
4692,3,72
4698,1,83
4698,3,37
4704,1,48
4704,3,63
4710,1,13
4710,3,17
4716,1,36
4716,3,8
4722,1,27
4722,3,5
4728,1,92
4728,3,5
4734,1,42
4734,3,56
4740,1,57
4740,3,88
4746,1,30
4746,3,39
4752,1,50
4752,3,36
4758,1,70
4758,3,75
4764,1,66
4764,3,48
4770,1,16
4770,3,63
4776,1,60
4776,3,23
4782,1,27
4782,3,87
4788,1,48
4788,3,50
4794,1,6
4794,3,95
4800,1,59
4800,3,70
4806,1,71
4806,3,17
4812,1,87
4812,3,75
4818,1,85
4818,3,31
4824,1,94
4824,3,79
4830,1,6
4830,3,58
4836,1,35
4836,3,82
4842,1,15
4842,3,77
4848,1,9
4848,3,91
4854,1,67
4854,3,57
4860,1,22
4860,3,87
4866,1,87
4866,3,84
4872,1,83
4872,3,75
4878,1,27
4878,3,16
4884,1,66
4884,3,96
4890,1,48
4890,3,25
4896,1,33
4896,3,100
4902,1,80
4902,3,83
4908,1,9
4908,3,70
4914,1,92
4914,3,95
4920,1,73
4920,3,56
4926,1,85
4926,3,41
4932,1,26
4932,3,74
4938,1,80
4938,3,12
4944,1,61
4944,3,55
4950,1,77
4950,3,12
4956,1,65
4956,3,80
4962,1,40
4962,3,31
4968,1,53
4968,3,82
4974,1,80
4974,3,83
4980,1,71
4980,3,15
4986,1,91
4986,3,32
4992,1,80
4992,3,0
4998,1,9
4998,3,91
5004,1,99
5004,3,16
5010,1,20
5010,3,68
5016,1,72
5016,3,20
5022,1,96
5022,3,69
5028,1,72
5028,3,0
5034,1,38
5034,3,99
5040,1,37
5040,3,6
5046,1,87
5046,3,96
5052,1,100
5052,3,44
5058,1,40
5058,3,32
5064,1,13
5064,3,99
5070,1,11
5070,3,55
5076,1,48
5076,3,58
5082,1,61
5082,3,36
5088,1,31
5088,3,5
5094,1,39
5094,3,9
5100,1,48
5100,3,92
5106,1,59
5106,3,46
5112,1,42
5112,3,47
5118,1,63
5118,3,75
5124,1,75
5124,3,8
5130,1,57
5130,3,11
5136,1,93
5136,3,75
5142,1,8
5142,3,60
5148,1,95
5148,3,100
5154,1,76
5154,3,21
5160,1,11
5160,3,56
5166,1,5
5166,3,27
5172,1,17
5172,3,38
5178,1,89
5178,3,0
5184,1,69
5184,3,11
5190,1,70
5190,3,24
5196,1,25
5196,3,19
5202,1,69
5202,3,43
5208,1,14
5208,3,84
5214,1,54
5214,3,35
5220,1,38
5220,3,55
5226,1,11
5226,3,44
5232,1,90
5232,3,66
5238,1,39
5238,3,29
5244,1,52
5244,3,11
5250,1,95
5250,3,65
5256,1,86
5256,3,96
5262,1,59
5262,3,95
5268,1,18
5268,3,81
5274,1,64
5274,3,18
5280,1,74
5280,3,50
5286,1,67
5286,3,53
5292,1,97
5292,3,44
5298,1,9
5298,3,2
5304,1,73
5304,3,10
5310,1,63
5310,3,85
5316,1,22
5316,3,25
5322,1,4
5322,3,85
5328,1,38
5328,3,99
5334,1,26
5334,3,38
5340,1,39
5340,3,96
5346,1,90
5346,3,36
5352,1,88
5352,3,47
5358,1,34
5358,3,88
5364,1,9
5364,3,26
5370,1,58
5370,3,36
5376,1,95
5376,3,59
5382,1,27
5382,3,66
5388,1,16
5388,3,90
5394,1,43
5394,3,87
5400,1,61
5400,3,83
5406,1,95
5406,3,62
5412,1,83
5412,3,68
5418,1,0
5418,3,99
5424,1,81
5424,3,45
5430,1,1
5430,3,85
5436,1,14
5436,3,79
5442,1,95
5442,3,48
5448,1,28
5448,3,34
5454,1,44
5454,3,98
5460,1,51
5460,3,25
5466,1,69
5466,3,53
5472,1,53
5472,3,47
5478,1,14
5478,3,40
5484,1,73
5484,3,89
5490,1,46
5490,3,4
5496,1,2
5496,3,18
5502,1,14
5502,3,29
5508,1,89
5508,3,44
5514,1,94
5514,3,26
5520,1,55
5520,3,20
5526,1,79
5526,3,97
5532,1,54
5532,3,98
5538,1,92
5538,3,33
5544,1,100
5544,3,95
5550,1,80
5550,3,45
5556,1,35
5556,3,52
5562,1,33
5562,3,47
5568,1,38
5568,3,70
5574,1,96
5574,3,70
5580,1,97
5580,3,51
5586,1,91
5586,3,42
5592,1,85
5592,3,68
5598,1,84
5598,3,44
5604,1,95
5604,3,57
5610,1,43
5610,3,61
5616,1,8
5616,3,32
5622,1,47
5622,3,69
5628,1,33
5628,3,34
5634,1,9
5634,3,19
5640,1,58
5640,3,80
5646,1,77
5646,3,4
5652,1,59
5652,3,3
5658,1,23
5658,3,34
5664,1,0
5664,3,48
5670,1,50
5670,3,47
5676,1,34
5676,3,55
5682,1,75
5682,3,76
5688,1,52
5688,3,55
5694,1,91
5694,3,57
5700,1,3
5700,3,88
5706,1,84
5706,3,13
5712,1,42
5712,3,70
5718,1,72
5718,3,29
5724,1,74
5724,3,10
5730,1,44
5730,3,61
5736,1,68
5736,3,49
5742,1,73
5742,3,1
5748,1,77
5748,3,95
5754,1,86
5754,3,74
5760,1,1
5760,3,83
5766,1,51
5766,3,14
5772,1,97
5772,3,81
5778,1,67
5778,3,1
5784,1,49
5784,3,35
5790,1,8
5790,3,30
5796,1,14
5796,3,63
5802,1,48
5802,3,65
5808,1,42
5808,3,66
5814,1,86
5814,3,25
5820,1,59
5820,3,95
5826,1,91
5826,3,90
5832,1,92
5832,3,97
5838,1,52
5838,3,63
5844,1,64
5844,3,10
5850,1,13
5850,3,50
5856,1,96
5856,3,64
5862,1,55
5862,3,84
5868,1,100
5868,3,63
5874,1,5
5874,3,77
5880,1,71
5880,3,66
5886,1,37
5886,3,99
5892,1,6
5892,3,82
5898,1,76
5898,3,51
5904,1,80
5904,3,14
5910,1,61
5910,3,43
5916,1,68
5916,3,59
5922,1,13
5922,3,42
5928,1,9
5928,3,33
5934,1,19
5934,3,54
5940,1,22
5940,3,93
5946,1,59
5946,3,77
5952,1,75
5952,3,7
5958,1,42
5958,3,64
5964,1,74
5964,3,29
5970,1,79
5970,3,55
5976,1,27
5976,3,77
5982,1,30
5982,3,48
5988,1,70
5988,3,72
5994,1,0
5994,3,7
6000,1,0
6000,3,75
6006,1,5
6006,3,56
6012,1,85
6012,3,70
6018,1,29
6018,3,24
6024,1,15
6024,3,99
6030,1,30
6030,3,26
6036,1,83
6036,3,70
6042,1,24
6042,3,92
6048,1,27
6048,3,68
6054,1,11
6054,3,83
6060,1,33
6060,3,71
6066,1,95
6066,3,36
6072,1,98
6072,3,91
6078,1,22
6078,3,15
6084,1,24
6084,3,63
6090,1,79
6090,3,50
6096,1,2
6096,3,22
6102,1,49
6102,3,23
6108,1,19
6108,3,76
6114,1,99
6114,3,4
6120,1,10
6120,3,1
6126,1,57
6126,3,16
6132,1,98
6132,3,37
6138,1,83
6138,3,73
6144,1,92
6144,3,32
6150,1,22
6150,3,52
6156,1,33
6156,3,26
6162,1,26
6162,3,55
6168,1,90
6168,3,50
6174,1,38
6174,3,73
6180,1,21
6180,3,11
6186,1,27
6186,3,19
6192,1,55
6192,3,38
6198,1,90
6198,3,66
6204,1,25
6204,3,97
6210,1,62
6210,3,81
6216,1,0
6216,3,57
6222,1,36
6222,3,4
6228,1,0
6228,3,75
6234,1,33
6234,3,27
6240,1,55
6240,3,1
6246,1,35
6246,3,30
6252,1,34
6252,3,41
6258,1,41
6258,3,46
6264,1,43
6264,3,22
6270,1,88
6270,3,100
6276,1,72
6276,3,85
6282,1,14
6282,3,96
6288,1,78
6288,3,52
6294,1,2
6294,3,46
6300,1,29
6300,3,92
6306,1,79
6306,3,23
6312,1,75
6312,3,50
6318,1,90
6318,3,18
6324,1,29
6324,3,74
6330,1,70
6330,3,75
6336,1,68
6336,3,83
6342,1,10
6342,3,60
6348,1,100
6348,3,24
6354,1,22
6354,3,9
6360,1,89
6360,3,98
6366,1,89
6366,3,99
6372,1,43
6372,3,41
6378,1,23
6378,3,16
6384,1,79
6384,3,38
6390,1,41
6390,3,67
6396,1,77
6396,3,88
6402,1,44
6402,3,14
6408,1,62
6408,3,58
6414,1,55
6414,3,44
6420,1,46
6420,3,57
6426,1,72
6426,3,29
6432,1,57
6432,3,0
6438,1,59
6438,3,7
6444,1,5
6444,3,55
6450,1,62
6450,3,28
6456,1,0
6456,3,52
6462,1,59
6462,3,33
6468,1,64
6468,3,69
6474,1,86
6474,3,51
6480,1,68
6480,3,72
6486,1,21
6486,3,45
6492,1,27
6492,3,93
6498,1,62
6498,3,9
6504,1,86
6504,3,24
6510,1,2
6510,3,5
6516,1,28
6516,3,90
6522,1,10
6522,3,38
6528,1,38
6528,3,8
6534,1,27
6534,3,26
6540,1,92
6540,3,46
6546,1,71
6546,3,94
6552,1,24
6552,3,100
6558,1,63
6558,3,65
6564,1,93
6564,3,33
6570,1,30
6570,3,16
6576,1,6
6576,3,95
6582,1,72
6582,3,65
6588,1,50
6588,3,4
6594,1,47
6594,3,68
6600,1,79
6600,3,16
6606,1,18
6606,3,7
6612,1,49
6612,3,8
6618,1,35
6618,3,54
6624,1,5
6624,3,87
6630,1,52
6630,3,18
6636,1,91
6636,3,52
6642,1,88
6642,3,16
6648,1,73
6648,3,95
6654,1,54
6654,3,3
6660,1,40
6660,3,18
6666,1,27
6666,3,64
6672,1,14
6672,3,21
6678,1,60
6678,3,58
6684,1,66
6684,3,11
6690,1,4
6690,3,30
6696,1,0
6696,3,56
6702,1,85
6702,3,90
6708,1,51
6708,3,51
6714,1,11
6714,3,84
6720,1,90
6720,3,3
6726,1,66
6726,3,31
6732,1,78
6732,3,93
6738,1,95
6738,3,7
6744,1,68
6744,3,69
6750,1,72
6750,3,53
6756,1,50
6756,3,42
6762,1,19
6762,3,65
6768,1,66
6768,3,0
6774,1,5
6774,3,79
6780,1,74
6780,3,16
6786,1,62
6786,3,54
6792,1,67
6792,3,83
6798,1,69
6798,3,37
6804,1,44
6804,3,50
6810,1,47
6810,3,86
6816,1,4
6816,3,26
6822,1,67
6822,3,90
6828,1,87
6828,3,59
6834,1,92
6834,3,23
6840,1,71
6840,3,98
6846,1,93
6846,3,85
6852,1,45
6852,3,91
6858,1,71
6858,3,16
6864,1,45
6864,3,0
6870,1,67
6870,3,9
6876,1,33
6876,3,4
6882,1,68
6882,3,97
6888,1,18
6888,3,56
6894,1,46
6894,3,91
6900,1,46
6900,3,59
6906,1,25
6906,3,33
6912,1,33
6912,3,28
6918,1,91
6918,3,47
6924,1,11
6924,3,68
6930,1,79
6930,3,66
6936,1,5
6936,3,81
6942,1,79
6942,3,3
6948,1,79
6948,3,28
6954,1,51
6954,3,10
6960,1,76
6960,3,77
6966,1,6
6966,3,4
6972,1,29
6972,3,67
6978,1,92
6978,3,46
6984,1,62
6984,3,47
6990,1,84
6990,3,8
6996,1,46
6996,3,91
7002,1,83
7002,3,59
7008,1,44
7008,3,90
7014,1,69
7014,3,92
7020,1,76
7020,3,26
7026,1,6
7026,3,48
7032,1,77
7032,3,3
7038,1,9
7038,3,52
7044,1,59
7044,3,72
7050,1,68
7050,3,82
7056,1,47
7056,3,61
7062,1,56
7062,3,65
7068,1,38
7068,3,97
7074,1,95
7074,3,21
7080,1,5
7080,3,1
7086,1,60
7086,3,33
7092,1,43
7092,3,71
7098,1,34
7098,3,57
7104,1,34
7104,3,94
7110,1,48
7110,3,77
7116,1,60
7116,3,22
7122,1,56
7122,3,64
7128,1,100
7128,3,43
7134,1,29
7134,3,63
7140,1,42
7140,3,51
7146,1,49
7146,3,34
7152,1,24
7152,3,55
7158,1,10
7158,3,18
7164,1,56
7164,3,46
7170,1,75
7170,3,47
7176,1,91
7176,3,18
7182,1,15
7182,3,41
7188,1,26
7188,3,88
7194,1,67
7194,3,41
7200,1,98
7200,3,75
7206,1,74
7206,3,66
7212,1,62
7212,3,5
7218,1,97
7218,3,12
7224,1,64
7224,3,17
7230,1,65
7230,3,14
7236,1,57
7236,3,49
7242,1,47
7242,3,28
7248,1,46
7248,3,18
7254,1,15
7254,3,26
7260,1,14
7260,3,44
7266,1,90
7266,3,84
7272,1,35
7272,3,30
7278,1,23
7278,3,31
7284,1,87
7284,3,49
7290,1,29
7290,3,23
7296,1,21
7296,3,57
7302,1,92
7302,3,80
7308,1,72
7308,3,20
7314,1,65
7314,3,80
7320,1,97
7320,3,91
7326,1,11
7326,3,74
7332,1,23
7332,3,83
7338,1,26
7338,3,44
7344,1,54
7344,3,92
7350,1,27
7350,3,21
7356,1,9
7356,3,51
7362,1,53
7362,3,25
7368,1,51
7368,3,31
7374,1,81
7374,3,88
7380,1,63
7380,3,63
7386,1,56
7386,3,65
7392,1,19
7392,3,69
7398,1,14
7398,3,58
7404,1,49
7404,3,41
7410,1,77
7410,3,1
7416,1,41
7416,3,100
7422,1,80
7422,3,23
7428,1,45
7428,3,89
7434,1,25
7434,3,9
7440,1,67
7440,3,65
7446,1,46
7446,3,32
7452,1,98
7452,3,74
7458,1,0
7458,3,54
7464,1,68
7464,3,100
7470,1,11
7470,3,4
7476,1,10
7476,3,47
7482,1,76
7482,3,31
7488,1,79
7488,3,96
7494,1,32
7494,3,86
7500,1,89
7500,3,52
7506,1,53
7506,3,7
7512,1,32
7512,3,10
7518,1,66
7518,3,33
7524,1,24
7524,3,98
7530,1,82
7530,3,37
7536,1,28
7536,3,58
7542,1,51
7542,3,24
7548,1,36
7548,3,39
7554,1,75
7554,3,29
7560,1,24
7560,3,84
7566,1,11
7566,3,36
7572,1,91
7572,3,25
7578,1,0
7578,3,86
7584,1,15
7584,3,56
7590,1,15
7590,3,12
7596,1,35
7596,3,21
7602,1,76
7602,3,1
7608,1,62
7608,3,12
7614,1,69
7614,3,27
7620,1,87
7620,3,88
7626,1,58
7626,3,100
7632,1,46
7632,3,15
7638,1,91
7638,3,86
7644,1,0
7644,3,96
7650,1,43
7650,3,63
7656,1,94
7656,3,49
7662,1,52
7662,3,42
7668,1,10
7668,3,45
7674,1,8
7674,3,60
7680,1,48
7680,3,33
7686,1,30
7686,3,39
7692,1,28
7692,3,51
7698,1,28
7698,3,16
7704,1,87
7704,3,57
7710,1,93
7710,3,78
7716,1,2
7716,3,74
7722,1,8
7722,3,19
7728,1,47
7728,3,31
7734,1,99
7734,3,8
7740,1,45
7740,3,28
7746,1,52
7746,3,56
7752,1,83
7752,3,75
7758,1,97
7758,3,68
7764,1,70
7764,3,91
7770,1,58
7770,3,36
7776,1,31
7776,3,54
7782,1,2
7782,3,2
7788,1,97
7788,3,42
7794,1,9
7794,3,28
7800,1,90
7800,3,18
7806,1,12
7806,3,66
7812,1,98
7812,3,83
7818,1,76
7818,3,33
7824,1,76
7824,3,67
7830,1,92
7830,3,43
7836,1,94
7836,3,46
7842,1,88
7842,3,44
7848,1,25
7848,3,24
7854,1,1
7854,3,13
7860,1,57
7860,3,62
7866,1,58
7866,3,50
7872,1,0
7872,3,58
7878,1,48
7878,3,22
7884,1,16
7884,3,77
7890,1,85
7890,3,100
7896,1,95
7896,3,66
7902,1,81
7902,3,22
7908,1,10
7908,3,6
7914,1,45
7914,3,23
7920,1,75
7920,3,5
7926,1,89
7926,3,65
7932,1,66
7932,3,18
7938,1,70
7938,3,0
7944,1,66
7944,3,6
7950,1,30
7950,3,94
7956,1,18
7956,3,74
7962,1,75
7962,3,71
7968,1,47
7968,3,52
7974,1,98
7974,3,72
7980,1,89
7980,3,4
7986,1,48
7986,3,65
7992,1,97
7992,3,83
7998,1,58
7998,3,56
8004,1,45
8004,3,76
8010,1,48
8010,3,27
8016,1,81
8016,3,96
8022,1,60
8022,3,15
8028,1,49
8028,3,42
8034,1,3
8034,3,31
8040,1,100
8040,3,0
8046,1,57
8046,3,64
8052,1,16
8052,3,98
8058,1,25
8058,3,60
8064,1,77
8064,3,41
8070,1,4
8070,3,1
8076,1,41
8076,3,3
8082,1,55
8082,3,32
8088,1,96
8088,3,37
8094,1,43
8094,3,14
8100,1,94
8100,3,34
8106,1,9
8106,3,4
8112,1,69
8112,3,75
8118,1,69
8118,3,12
8124,1,81
8124,3,29
8130,1,75
8130,3,98
8136,1,31
8136,3,40
8142,1,85
8142,3,45
8148,1,70
8148,3,34
8154,1,71
8154,3,48
8160,1,29
8160,3,12
8166,1,23
8166,3,5
8172,1,78
8172,3,39
8178,1,64
8178,3,48
8184,1,18
8184,3,82
8190,1,25
8190,3,15
8196,1,14
8196,3,6
8202,1,88
8202,3,42
8208,1,7
8208,3,64
8214,1,89
8214,3,76
8220,1,89
8220,3,34
8226,1,1
8226,3,14
8232,1,65
8232,3,51
8238,1,72
8238,3,54
8244,1,20
8244,3,70
8250,1,64
8250,3,73
8256,1,27
8256,3,30
8262,1,59
8262,3,42
8268,1,15
8268,3,26
8274,1,100
8274,3,93
8280,1,0
8280,3,26
8286,1,71
8286,3,71
8292,1,12
8292,3,56
8298,1,76
8298,3,23
8304,1,92
8304,3,94
8310,1,15
8310,3,45
8316,1,33
8316,3,40
8322,1,53
8322,3,44
8328,1,77
8328,3,41
8334,1,4
8334,3,8
8340,1,10
8340,3,46
8346,1,46
8346,3,24
8352,1,89
8352,3,2
8358,1,21
8358,3,93
8364,1,95
8364,3,84
8370,1,50
8370,3,64
8376,1,78
8376,3,19
8382,1,81
8382,3,43
8388,1,9
8388,3,17
8394,1,55
8394,3,28
8400,1,31
8400,3,83
8406,1,17
8406,3,100
8412,1,22
8412,3,13
8418,1,12
8418,3,17
8424,1,89
8424,3,56
8430,1,16
8430,3,96
8436,1,86
8436,3,95
8442,1,84
8442,3,26
8448,1,35
8448,3,32
8454,1,16
8454,3,23
8460,1,77
8460,3,85
8466,1,44
8466,3,82
8472,1,38
8472,3,10
8478,1,74
8478,3,31
8484,1,11
8484,3,47
8490,1,1
8490,3,19
8496,1,19
8496,3,45
8502,1,98
8502,3,86
8508,1,20
8508,3,28
8514,1,3
8514,3,44
8520,1,27
8520,3,75
8526,1,85
8526,3,31
8532,1,83
8532,3,88
8538,1,1
8538,3,7
8544,1,58
8544,3,53
8550,1,46
8550,3,34
8556,1,96
8556,3,16
8562,1,86
8562,3,96
8568,1,6
8568,3,37
8574,1,32
8574,3,72
8580,1,54
8580,3,29
8586,1,43
8586,3,57
8592,1,41
8592,3,64
8598,1,88
8598,3,76
8604,1,56
8604,3,0
8610,1,37
8610,3,50
8616,1,34
8616,3,78
8622,1,0
8622,3,67
8628,1,17
8628,3,85
8634,1,15
8634,3,10
8640,1,38
8640,3,95
8646,1,52
8646,3,28
8652,1,70
8652,3,79
8658,1,66
8658,3,54
8664,1,63
8664,3,17
8670,1,74
8670,3,11
8676,1,89
8676,3,98
8682,1,40
8682,3,86
8688,1,54
8688,3,12
8694,1,7
8694,3,33
8700,1,67
8700,3,85
8706,1,49
8706,3,78
8712,1,9
8712,3,41
8718,1,81
8718,3,24
8724,1,23
8724,3,40
8730,1,59
8730,3,28
8736,1,47
8736,3,100
8742,1,41
8742,3,6
8748,1,78
8748,3,27
8754,1,28
8754,3,0
8760,1,86
8760,3,88
8766,1,12
8766,3,68
8772,1,35
8772,3,64
8778,1,51
8778,3,53
8784,1,85
8784,3,66
8790,1,93
8790,3,52
8796,1,82
8796,3,49
8802,1,88
8802,3,42
8808,1,93
8808,3,66
8814,1,87
8814,3,47
8820,1,24
8820,3,30
8826,1,14
8826,3,3
8832,1,46
8832,3,41
8838,1,69
8838,3,18
8844,1,90
8844,3,14
8850,1,24
8850,3,84
8856,1,78
8856,3,73
8862,1,64
8862,3,48
8868,1,12
8868,3,4
8874,1,14
8874,3,12
8880,1,79
8880,3,29
8886,1,11
8886,3,57
8892,1,53
8892,3,60
8898,1,100
8898,3,55
8904,1,89
8904,3,90
8910,1,94
8910,3,5
8916,1,32
8916,3,24
8922,1,21
8922,3,57
8928,1,78
8928,3,43
8934,1,9
8934,3,22
8940,1,5
8940,3,99
8946,1,34
8946,3,22
8952,1,75
8952,3,42
8958,1,88
8958,3,73
8964,1,53
8964,3,37
8970,1,87
8970,3,97
8976,1,57
8976,3,51
8982,1,78
8982,3,48
8988,1,93
8988,3,76
8994,1,70
8994,3,6
9000,1,4
9000,3,0
9006,1,99
9006,3,25
9012,1,0
9012,3,95
9018,1,19
9018,3,28
9024,1,66
9024,3,9
9030,1,21
9030,3,23
9036,1,30
9036,3,2
9042,1,49
9042,3,52
9048,1,81
9048,3,58
9054,1,11
9054,3,20
9060,1,18
9060,3,63
9066,1,41
9066,3,41
9072,1,34
9072,3,20
9078,1,21
9078,3,72
9084,1,42
9084,3,90
9090,1,69
9090,3,59
9096,1,72
9096,3,65
9102,1,94
9102,3,62
9108,1,11
9108,3,37
9114,1,63
9114,3,56
9120,1,37
9120,3,25
9126,1,26
9126,3,1
9132,1,13
9132,3,11
9138,1,26
9138,3,12
9144,1,7
9144,3,21
9150,1,68
9150,3,45
9156,1,17
9156,3,28
9162,1,70
9162,3,100
9168,1,90
9168,3,64
9174,1,95
9174,3,50
9180,1,90
9180,3,65
9186,1,1
9186,3,64
9192,1,23
9192,3,85
9198,1,58
9198,3,41
9204,1,26
9204,3,6
9210,1,100
9210,3,14
9216,1,47
9216,3,55
9222,1,66
9222,3,20
9228,1,87
9228,3,0
9234,1,56
9234,3,82
9240,1,100
9240,3,65
9246,1,53
9246,3,7
9252,1,64
9252,3,38
9258,1,22
9258,3,9
9264,1,55
9264,3,52
9270,1,55
9270,3,1
9276,1,29
9276,3,24
9282,1,51
9282,3,15
9288,1,69
9288,3,30
9294,1,81
9294,3,60
9300,1,13
9300,3,24
9306,1,51
9306,3,13
9312,1,94
9312,3,89
9318,1,11
9318,3,79
9324,1,15
9324,3,48
9330,1,44
9330,3,88
9336,1,21
9336,3,22
9342,1,85
9342,3,31
9348,1,82
9348,3,12
9354,1,74
9354,3,74
9360,1,73
9360,3,9
9366,1,37
9366,3,46
9372,1,43
9372,3,18
9378,1,51
9378,3,84
9384,1,23
9384,3,100
9390,1,67
9390,3,38
9396,1,4
9396,3,15
9402,1,36
9402,3,76
9408,1,84
9408,3,41
9414,1,71
9414,3,41
9420,1,78
9420,3,49
9426,1,2
9426,3,77
9432,1,47
9432,3,15
9438,1,52
9438,3,69
9444,1,65
9444,3,28
9450,1,54
9450,3,4
9456,1,80
9456,3,20
9462,1,56
9462,3,60
9468,1,62
9468,3,24
9474,1,60
9474,3,20
9480,1,12
9480,3,0
9486,1,81
9486,3,53
9492,1,60
9492,3,17
9498,1,69
9498,3,53
9504,1,34
9504,3,18
9510,1,95
9510,3,94
9516,1,97
9516,3,23
9522,1,49
9522,3,56
9528,1,58
9528,3,65
9534,1,54
9534,3,92
9540,1,89
9540,3,83
9546,1,6
9546,3,99
9552,1,2
9552,3,71
9558,1,70
9558,3,52
9564,1,12
9564,3,26
9570,1,67
9570,3,99
9576,1,86
9576,3,25
9582,1,66
9582,3,31
9588,1,42
9588,3,43
9594,1,43
9594,3,47
9600,1,76
9600,3,85
9606,1,43
9606,3,75
9612,1,70
9612,3,91
9618,1,12
9618,3,76
9624,1,67
9624,3,33
9630,1,99
9630,3,35
9636,1,47
9636,3,20
9642,1,24
9642,3,66
9648,1,21
9648,3,76
9654,1,67
9654,3,87
9660,1,57
9660,3,41
9666,1,22
9666,3,85
9672,1,45
9672,3,77
9678,1,97
9678,3,42
9684,1,29
9684,3,21
9690,1,15
9690,3,61
9696,1,35
9696,3,85
9702,1,9
9702,3,9
9708,1,60
9708,3,39
9714,1,96
9714,3,9
9720,1,48
9720,3,77
9726,1,5
9726,3,2
9732,1,71
9732,3,61
9738,1,23
9738,3,64
9744,1,63
9744,3,87
9750,1,2
9750,3,18
9756,1,39
9756,3,48
9762,1,82
9762,3,7
9768,1,76
9768,3,76
9774,1,68
9774,3,52
9780,1,20
9780,3,52
9786,1,59
9786,3,79
9792,1,93
9792,3,80
9798,1,70
9798,3,73
9804,1,38
9804,3,27
9810,1,64
9810,3,83
9816,1,9
9816,3,76
9822,1,40
9822,3,64
9828,1,73
9828,3,38
9834,1,20
9834,3,66
9840,1,14
9840,3,25
9846,1,78
9846,3,54
9852,1,66
9852,3,79
9858,1,6
9858,3,18
9864,1,65
9864,3,69
9870,1,95
9870,3,60
9876,1,74
9876,3,73
9882,1,84
9882,3,73
9888,1,83
9888,3,64
9894,1,96
9894,3,52
9900,1,100
9900,3,26
9906,1,51
9906,3,41
9912,1,69
9912,3,100
9918,1,27
9918,3,7
9924,1,67
9924,3,79
9930,1,92
9930,3,52
9936,1,64
9936,3,30
9942,1,88
9942,3,68
9948,1,68
9948,3,9
9954,1,56
9954,3,97
9960,1,47
9960,3,40
9966,1,68
9966,3,64
9972,1,2
9972,3,57
9978,1,27
9978,3,0
9984,1,47
9984,3,33
9990,1,13
9990,3,15
9996,1,90
9996,3,47
