1,6,53
1,12,76
1,18,19
1,24,62
1,30,69
1,36,36
1,42,90
1,48,23
1,54,38
1,60,4
1,66,35
1,72,22
1,78,0
1,84,68
1,90,21
1,96,94
1,102,88
1,108,37
1,114,81
1,120,71
1,126,55
1,132,82
1,138,21
1,144,2
1,150,18
1,156,78
1,162,2
1,168,18
1,174,44
1,180,19
1,186,21
1,192,20
1,198,23
1,204,37
1,210,59
1,216,49
1,222,31
1,228,13
1,234,90
1,240,69
1,246,43
1,252,58
1,258,100
1,264,28
1,270,51
1,276,6
1,282,59
1,288,62
1,294,39
1,300,63
1,306,54
1,312,73
1,318,56
1,324,23
1,330,62
1,336,94
1,342,87
1,348,85
1,354,17
1,360,89
1,366,21
1,372,21
1,378,35
1,384,46
1,390,14
1,396,87
1,402,94
1,408,0
1,414,36
1,420,7
1,426,76
1,432,94
1,438,24
1,444,92
1,450,55
1,456,48
1,462,26
1,468,57
1,474,19
1,480,93
1,486,36
1,492,71
1,498,81
1,504,26
1,510,51
1,516,76
1,522,96
1,528,79
1,534,58
1,540,55
1,546,12
1,552,13
1,558,80
1,564,47
1,570,26
1,576,19
1,582,12
1,588,36
1,594,10
1,600,19
1,606,45
1,612,17
1,618,48
1,624,94
1,630,26
1,636,14
1,642,11
1,648,71
1,654,99
1,660,28
1,666,87
1,672,61
1,678,18
1,684,73
1,690,27
1,696,81
1,702,87
1,708,21
1,714,30
1,720,34
1,726,30
1,732,33
1,738,52
1,744,36
1,750,71
1,756,17
1,762,74
1,768,72
1,774,42
1,780,72
1,786,31
1,792,18
1,798,99
1,804,96
1,810,68
1,816,87
1,822,6
1,828,38
1,834,97
1,840,97
1,846,33
1,852,95
1,858,6
1,864,56
1,870,36
1,876,10
1,882,11
1,888,23
1,894,100
1,900,29
1,906,25
1,912,66
1,918,49
1,924,88
1,930,45
1,936,99
1,942,78
1,948,46
1,954,6
1,960,55
1,966,0
1,972,100
1,978,82
1,984,4
1,990,2
1,996,15
1,1002,81
1,1008,70
1,1014,88
1,1020,29
1,1026,13
1,1032,4
1,1038,80
1,1044,60
1,1050,40
1,1056,5
1,1062,97
1,1068,89
1,1074,91
1,1080,3
1,1086,65
1,1092,1
1,1098,29
1,1104,91
1,1110,12
1,1116,57
1,1122,47
1,1128,69
1,1134,93
1,1140,4
1,1146,46
1,1152,24
1,1158,8
1,1164,34
1,1170,25
1,1176,51
1,1182,74
1,1188,53
1,1194,44
1,1200,3
1,1206,51
1,1212,93
1,1218,35
1,1224,65
1,1230,95
1,1236,97
1,1242,48
1,1248,34
1,1254,64
1,1260,12
1,1266,37
1,1272,78
1,1278,40
1,1284,37
1,1290,92
1,1296,34
1,1302,81
1,1308,99
1,1314,26
1,1320,71
1,1326,31
1,1332,29
1,1338,16
1,1344,13
1,1350,4
1,1356,63
1,1362,51
1,1368,13
1,1374,16
1,1380,100
1,1386,96
1,1392,98
1,1398,58
1,1404,82
1,1410,97
1,1416,35
1,1422,43
1,1428,34
1,1434,55
1,1440,82
1,1446,35
1,1452,48
1,1458,63
1,1464,36
1,1470,2
1,1476,33
1,1482,66
1,1488,29
1,1494,82
1,1500,48
1,1506,30
1,1512,2
1,1518,61
1,1524,92
1,1530,100
1,1536,81
1,1542,0
1,1548,46
1,1554,7
1,1560,19
1,1566,89
1,1572,24
1,1578,11
1,1584,37
1,1590,25
1,1596,80
1,1602,91
1,1608,96
1,1614,36
1,1620,75
1,1626,55
1,1632,58
1,1638,50
1,1644,41
1,1650,87
1,1656,4
1,1662,16
1,1668,75
1,1674,50
1,1680,14
1,1686,75
1,1692,47
1,1698,1
1,1704,54
1,1710,48
1,1716,17
1,1722,68
1,1728,77
1,1734,48
1,1740,90
1,1746,55
1,1752,95
1,1758,92
1,1764,89
1,1770,51
1,1776,74
1,1782,63
1,1788,48
1,1794,98
1,1800,95
1,1806,34
1,1812,46
1,1818,2
1,1824,79
1,1830,89
1,1836,9
1,1842,56
1,1848,2
1,1854,67
1,1860,0
1,1866,84
1,1872,41
1,1878,41
1,1884,23
1,1890,85
1,1896,70
1,1902,98
1,1908,49
1,1914,54
1,1920,54
1,1926,58
1,1932,73
1,1938,54
1,1944,93
1,1950,4
1,1956,12
1,1962,96
1,1968,22
1,1974,6
1,1980,85
1,1986,73
1,1992,89
1,1998,3
1,2004,3
1,2010,64
1,2016,78
1,2022,90
1,2028,100
1,2034,25
1,2040,31
1,2046,10
1,2052,95
1,2058,78
1,2064,89
1,2070,18
1,2076,35
1,2082,62
1,2088,35
1,2094,9
1,2100,67
1,2106,43
1,2112,94
1,2118,40
1,2124,24
1,2130,76
1,2136,88
1,2142,2
1,2148,95
1,2154,20
1,2160,19
1,2166,48
1,2172,51
1,2178,3
1,2184,39
1,2190,43
1,2196,65
1,2202,81
1,2208,50
1,2214,12
1,2220,30
1,2226,1
1,2232,85
1,2238,82
1,2244,11
1,2250,92
1,2256,75
1,2262,20
1,2268,91
1,2274,28
1,2280,13
1,2286,69
1,2292,89
1,2298,5
1,2304,84
1,2310,4
1,2316,76
1,2322,8
1,2328,87
1,2334,48
1,2340,29
1,2346,42
1,2352,86
1,2358,81
1,2364,88
1,2370,30
1,2376,60
1,2382,40
1,2388,6
1,2394,60
1,2400,86
1,2406,41
1,2412,80
1,2418,67
1,2424,20
1,2430,64
1,2436,56
1,2442,80
1,2448,25
1,2454,20
1,2460,42
1,2466,68
1,2472,22
1,2478,22
1,2484,5
1,2490,64
1,2496,77
1,2502,48
1,2508,48
1,2514,94
1,2520,13
1,2526,89
1,2532,89
1,2538,87
1,2544,71
1,2550,27
1,2556,28
1,2562,1
1,2568,51
1,2574,84
1,2580,10
1,2586,58
1,2592,47
1,2598,30
1,2604,26
1,2610,39
1,2616,72
1,2622,49
1,2628,34
1,2634,75
1,2640,80
1,2646,65
1,2652,40
1,2658,84
1,2664,9
1,2670,38
1,2676,79
1,2682,54
1,2688,71
1,2694,81
1,2700,9
1,2706,6
1,2712,96
1,2718,5
1,2724,97
1,2730,9
1,2736,56
1,2742,4
1,2748,29
1,2754,37
1,2760,8
1,2766,62
1,2772,10
1,2778,45
1,2784,60
1,2790,87
1,2796,97
1,2802,8
1,2808,66
1,2814,76
1,2820,70
1,2826,5
1,2832,97
1,2838,84
1,2844,2
1,2850,62
1,2856,11
1,2862,30
1,2868,30
1,2874,1
1,2880,68
1,2886,73
1,2892,21
1,2898,13
1,2904,5
1,2910,97
1,2916,84
1,2922,77
1,2928,28
1,2934,53
1,2940,57
1,2946,79
1,2952,23
1,2958,56
1,2964,76
1,2970,68
1,2976,16
1,2982,13
1,2988,69
1,2994,58
1,3000,50
1,3006,32
1,3012,32
1,3018,87
1,3024,7
1,3030,84
1,3036,80
1,3042,7
1,3048,98
1,3054,94
1,3060,22
1,3066,8
1,3072,52
1,3078,64
1,3084,0
1,3090,98
1,3096,40
1,3102,29
1,3108,58
1,3114,71
1,3120,94
1,3126,47
1,3132,73
1,3138,88
1,3144,83
1,3150,8
1,3156,45
1,3162,2
1,3168,82
1,3174,96
1,3180,3
1,3186,64
1,3192,83
1,3198,26
1,3204,55
1,3210,22
1,3216,99
1,3222,74
1,3228,77
1,3234,67
1,3240,33
1,3246,3
1,3252,63
1,3258,70
1,3264,69
1,3270,64
1,3276,64
1,3282,40
1,3288,61
1,3294,51
1,3300,5
1,3306,46
1,3312,98
1,3318,5
1,3324,49
1,3330,52
1,3336,11
1,3342,20
1,3348,47
1,3354,49
1,3360,18
1,3366,91
1,3372,91
1,3378,34
1,3384,77
1,3390,36
1,3396,52
1,3402,96
1,3408,9
1,3414,9
1,3420,68
1,3426,93
1,3432,48
1,3438,52
1,3444,97
1,3450,55
1,3456,5
1,3462,65
1,3468,45
1,3474,79
1,3480,45
1,3486,27
1,3492,33
1,3498,27
1,3504,76
1,3510,59
1,3516,24
1,3522,7
1,3528,93
1,3534,23
1,3540,28
1,3546,99
1,3552,56
1,3558,61
1,3564,49
1,3570,15
1,3576,19
1,3582,46
1,3588,85
1,3594,26
1,3600,13
1,3606,92
1,3612,70
1,3618,75
1,3624,32
1,3630,95
1,3636,98
1,3642,15
1,3648,97
1,3654,47
1,3660,24
1,3666,74
1,3672,87
1,3678,55
1,3684,38
1,3690,97
1,3696,72
1,3702,56
1,3708,76
1,3714,8
1,3720,59
1,3726,46
1,3732,2
1,3738,85
1,3744,19
1,3750,36
1,3756,70
1,3762,27
1,3768,31
1,3774,64
1,3780,20
1,3786,16
1,3792,36
1,3798,20
1,3804,94
1,3810,52
1,3816,4
1,3822,46
1,3828,50
1,3834,35
1,3840,79
1,3846,38
1,3852,99
1,3858,17
1,3864,10
1,3870,99
1,3876,70
1,3882,79
1,3888,38
1,3894,80
1,3900,63
1,3906,98
1,3912,87
1,3918,53
1,3924,68
1,3930,64
1,3936,43
1,3942,65
1,3948,24
1,3954,85
1,3960,25
1,3966,44
1,3972,93
1,3978,57
1,3984,72
1,3990,15
1,3996,26
1,4002,14
1,4008,81
1,4014,88
1,4020,86
1,4026,41
1,4032,79
1,4038,89
1,4044,38
1,4050,71
1,4056,77
1,4062,54
1,4068,71
1,4074,69
1,4080,31
1,4086,0
1,4092,3
1,4098,42
1,4104,99
1,4110,46
1,4116,95
1,4122,49
1,4128,31
1,4134,31
1,4140,60
1,4146,71
1,4152,54
1,4158,3
1,4164,57
1,4170,8
1,4176,61
1,4182,17
1,4188,58
1,4194,73
1,4200,13
1,4206,78
1,4212,67
1,4218,43
1,4224,47
1,4230,81
1,4236,44
1,4242,22
1,4248,79
1,4254,45
1,4260,70
1,4266,32
1,4272,59
1,4278,62
1,4284,37
1,4290,11
1,4296,17
1,4302,0
1,4308,6
1,4314,96
1,4320,52
1,4326,97
1,4332,49
1,4338,97
1,4344,53
1,4350,55
1,4356,48
1,4362,74
1,4368,33
1,4374,96
1,4380,61
1,4386,9
1,4392,64
1,4398,92
1,4404,23
1,4410,6
1,4416,70
1,4422,96
1,4428,10
1,4434,46
1,4440,70
1,4446,92
1,4452,38
1,4458,83
1,4464,49
1,4470,25
1,4476,13
1,4482,91
1,4488,70
1,4494,96
1,4500,12
1,4506,64
1,4512,45
1,4518,97
1,4524,41
1,4530,85
1,4536,90
1,4542,25
1,4548,95
1,4554,82
1,4560,28
1,4566,25
1,4572,32
1,4578,95
1,4584,56
1,4590,8
1,4596,79
1,4602,83
1,4608,96
1,4614,100
1,4620,19
1,4626,47
1,4632,36
1,4638,71
1,4644,92
1,4650,30
1,4656,3
1,4662,29
1,4668,88
1,4674,68
1,4680,23
1,4686,74
1,4692,38
1,4698,33
1,4704,53
1,4710,10
1,4716,31
1,4722,22
1,4728,70
1,4734,89
1,4740,26
1,4746,33
1,4752,69
1,4758,59
1,4764,4
1,4770,28
1,4776,91
1,4782,7
1,4788,68
1,4794,5
1,4800,93
1,4806,11
1,4812,17
1,4818,46
1,4824,62
1,4830,44
1,4836,83
1,4842,57
1,4848,50
1,4854,79
1,4860,9
1,4866,51
1,4872,68
1,4878,17
1,4884,80
1,4890,27
1,4896,74
1,4902,8
1,4908,46
1,4914,31
1,4920,63
1,4926,10
1,4932,10
1,4938,95
1,4944,10
1,4950,89
1,4956,87
1,4962,91
1,4968,69
1,4974,33
1,4980,14
1,4986,90
1,4992,47
1,4998,82
1,5004,69
1,5010,52
1,5016,27
1,5022,76
1,5028,41
1,5034,37
1,5040,7
1,5046,61
1,5052,90
1,5058,52
1,5064,71
1,5070,54
1,5076,57
1,5082,24
1,5088,26
1,5094,56
1,5100,19
1,5106,88
1,5112,100
1,5118,22
1,5124,39
1,5130,44
1,5136,34
1,5142,78
1,5148,35
1,5154,15
1,5160,94
1,5166,55
1,5172,24
1,5178,72
1,5184,12
1,5190,24
1,5196,72
1,5202,42
1,5208,24
1,5214,70
1,5220,24
1,5226,37
1,5232,85
1,5238,41
1,5244,29
1,5250,84
1,5256,15
1,5262,58
1,5268,95
1,5274,51
1,5280,6
1,5286,89
1,5292,9
1,5298,83
1,5304,47
1,5310,74
1,5316,84
1,5322,95
1,5328,5
1,5334,13
1,5340,5
1,5346,56
1,5352,38
1,5358,11
1,5364,6
1,5370,54
1,5376,50
1,5382,69
1,5388,66
1,5394,63
1,5400,70
1,5406,31
1,5412,12
1,5418,32
1,5424,26
1,5430,93
1,5436,87
1,5442,4
1,5448,69
1,5454,62
1,5460,27
1,5466,1
1,5472,43
1,5478,37
1,5484,9
1,5490,54
1,5496,71
1,5502,7
1,5508,47
1,5514,34
1,5520,38
1,5526,38
1,5532,72
1,5538,78
1,5544,49
1,5550,83
1,5556,94
1,5562,26
1,5568,26
1,5574,49
1,5580,95
1,5586,28
1,5592,59
1,5598,68
1,5604,71
1,5610,67
1,5616,44
1,5622,15
1,5628,14
1,5634,64
1,5640,92
1,5646,3
1,5652,0
1,5658,60
1,5664,15
1,5670,14
1,5676,1
1,5682,36
1,5688,96
1,5694,43
1,5700,32
1,5706,9
1,5712,85
1,5718,0
1,5724,87
1,5730,29
1,5736,41
1,5742,60
1,5748,12
1,5754,6
1,5760,57
1,5766,99
1,5772,49
1,5778,41
1,5784,76
1,5790,56
1,5796,83
1,5802,8
1,5808,76
1,5814,55
1,5820,2
1,5826,58
1,5832,91
1,5838,72
1,5844,33
1,5850,93
1,5856,37
1,5862,86
1,5868,63
1,5874,72
1,5880,91
1,5886,38
1,5892,39
1,5898,23
1,5904,4
1,5910,1
1,5916,14
1,5922,91
1,5928,25
1,5934,100
1,5940,24
1,5946,72
1,5952,19
1,5958,88
1,5964,18
1,5970,65
1,5976,62
1,5982,23
1,5988,49
1,5994,28
1,6000,3
1,6006,60
1,6012,66
1,6018,29
1,6024,84
1,6030,71
1,6036,27
1,6042,93
1,6048,27
1,6054,8
1,6060,72
1,6066,80
1,6072,12
1,6078,37
1,6084,85
1,6090,51
1,6096,82
1,6102,81
1,6108,64
1,6114,18
1,6120,56
1,6126,13
1,6132,85
1,6138,78
1,6144,53
1,6150,10
1,6156,85
1,6162,21
1,6168,63
1,6174,22
1,6180,27
1,6186,43
1,6192,90
1,6198,9
1,6204,32
1,6210,82
1,6216,9
1,6222,25
1,6228,82
1,6234,80
1,6240,53
1,6246,74
1,6252,93
1,6258,90
1,6264,33
1,6270,100
1,6276,73
1,6282,63
1,6288,35
1,6294,50
1,6300,59
1,6306,84
1,6312,32
1,6318,18
1,6324,99
1,6330,48
1,6336,70
1,6342,82
1,6348,47
1,6354,0
1,6360,7
1,6366,44
1,6372,4
1,6378,62
1,6384,27
1,6390,33
1,6396,10
1,6402,89
1,6408,12
1,6414,81
1,6420,68
1,6426,7
1,6432,42
1,6438,55
1,6444,14
1,6450,6
1,6456,73
1,6462,2
1,6468,19
1,6474,15
1,6480,22
1,6486,0
1,6492,48
1,6498,84
1,6504,34
1,6510,59
1,6516,37
1,6522,51
1,6528,14
1,6534,90
1,6540,91
1,6546,88
1,6552,28
1,6558,4
1,6564,18
1,6570,31
1,6576,67
1,6582,47
1,6588,51
1,6594,28
1,6600,78
1,6606,30
1,6612,19
1,6618,49
1,6624,76
1,6630,52
1,6636,47
1,6642,6
1,6648,39
1,6654,28
1,6660,7
1,6666,82
1,6672,66
1,6678,81
1,6684,75
1,6690,64
1,6696,27
1,6702,100
1,6708,13
1,6714,12
1,6720,34
1,6726,31
1,6732,92
1,6738,29
1,6744,70
1,6750,60
1,6756,74
1,6762,20
1,6768,96
1,6774,74
1,6780,70
1,6786,14
1,6792,18
1,6798,92
1,6804,7
1,6810,59
1,6816,83
1,6822,48
1,6828,33
1,6834,1
1,6840,0
1,6846,15
1,6852,5
1,6858,6
1,6864,41
1,6870,84
1,6876,78
1,6882,73
1,6888,95
1,6894,35
1,6900,76
1,6906,8
1,6912,34
1,6918,64
1,6924,22
1,6930,2
1,6936,67
1,6942,6
1,6948,75
1,6954,66
1,6960,86
1,6966,87
1,6972,99
1,6978,71
1,6984,46
1,6990,14
1,6996,94
1,7002,16
1,7008,10
1,7014,98
1,7020,65
1,7026,32
1,7032,75
1,7038,9
1,7044,99
1,7050,77
1,7056,10
1,7062,35
1,7068,16
1,7074,8
1,7080,43
1,7086,14
1,7092,2
1,7098,52
1,7104,72
1,7110,7
1,7116,67
1,7122,15
1,7128,51
1,7134,8
1,7140,64
1,7146,65
1,7152,35
1,7158,17
1,7164,91
1,7170,29
1,7176,36
1,7182,99
1,7188,16
1,7194,66
1,7200,52
1,7206,61
1,7212,24
1,7218,59
1,7224,65
1,7230,90
1,7236,67
1,7242,5
1,7248,21
1,7254,23
1,7260,33
1,7266,55
1,7272,30
1,7278,33
1,7284,90
1,7290,42
1,7296,20
1,7302,99
1,7308,13
1,7314,37
1,7320,23
1,7326,65
1,7332,72
1,7338,5
1,7344,51
1,7350,49
1,7356,45
1,7362,13
1,7368,59
1,7374,12
1,7380,92
1,7386,42
1,7392,64
1,7398,56
1,7404,61
1,7410,5
1,7416,63
1,7422,69
1,7428,23
1,7434,65
1,7440,22
1,7446,99
1,7452,23
1,7458,95
1,7464,65
1,7470,94
1,7476,89
1,7482,70
1,7488,0
1,7494,11
1,7500,93
1,7506,42
1,7512,24
1,7518,48
1,7524,39
1,7530,62
1,7536,68
1,7542,51
1,7548,65
1,7554,22
1,7560,54
1,7566,63
1,7572,46
1,7578,14
1,7584,78
1,7590,47
1,7596,44
1,7602,62
1,7608,32
1,7614,56
1,7620,69
1,7626,27
1,7632,0
1,7638,9
1,7644,95
1,7650,37
1,7656,72
1,7662,51
1,7668,2
1,7674,37
1,7680,55
1,7686,44
1,7692,93
1,7698,40
1,7704,71
1,7710,80
1,7716,87
1,7722,90
1,7728,44
1,7734,33
1,7740,66
1,7746,58
1,7752,72
1,7758,13
1,7764,85
1,7770,88
1,7776,10
1,7782,55
1,7788,50
1,7794,15
1,7800,57
1,7806,94
1,7812,100
1,7818,35
1,7824,87
1,7830,93
1,7836,54
1,7842,56
1,7848,95
1,7854,42
1,7860,27
1,7866,6
1,7872,59
1,7878,70
1,7884,37
1,7890,0
1,7896,32
1,7902,42
1,7908,29
1,7914,37
1,7920,34
1,7926,49
1,7932,80
1,7938,62
1,7944,68
1,7950,19
1,7956,63
1,7962,97
1,7968,2
1,7974,62
1,7980,32
1,7986,51
1,7992,56
1,7998,52
1,8004,34
1,8010,30
1,8016,97
1,8022,86
1,8028,32
1,8034,70
1,8040,11
1,8046,58
1,8052,63
1,8058,14
1,8064,83
1,8070,79
1,8076,91
1,8082,9
1,8088,23
1,8094,63
1,8100,65
1,8106,27
1,8112,97
1,8118,82
1,8124,33
1,8130,79
1,8136,39
1,8142,2
1,8148,76
1,8154,92
1,8160,65
1,8166,5
1,8172,73
1,8178,26
1,8184,11
1,8190,67
1,8196,73
1,8202,9
1,8208,61
1,8214,3
1,8220,33
1,8226,67
1,8232,99
1,8238,91
1,8244,3
1,8250,66
1,8256,62
1,8262,37
1,8268,28
1,8274,46
1,8280,23
1,8286,23
1,8292,92
1,8298,10
1,8304,6
1,8310,76
1,8316,89
1,8322,13
1,8328,46
1,8334,71
1,8340,91
1,8346,15
1,8352,13
1,8358,17
1,8364,25
1,8370,12
1,8376,3
1,8382,14
1,8388,12
1,8394,23
1,8400,100
1,8406,1
1,8412,92
1,8418,92
1,8424,68
1,8430,98
1,8436,72
1,8442,5
1,8448,54
1,8454,44
1,8460,36
1,8466,47
1,8472,11
1,8478,68
1,8484,25
1,8490,72
1,8496,59
1,8502,83
1,8508,57
1,8514,8
1,8520,0
1,8526,92
1,8532,25
1,8538,22
1,8544,91
1,8550,2
1,8556,57
1,8562,72
1,8568,36
1,8574,85
1,8580,59
1,8586,74
1,8592,59
1,8598,52
1,8604,31
1,8610,95
1,8616,7
1,8622,40
1,8628,50
1,8634,18
1,8640,2
1,8646,6
1,8652,43
1,8658,16
1,8664,21
1,8670,33
1,8676,44
1,8682,87
1,8688,50
1,8694,44
1,8700,12
1,8706,51
1,8712,18
1,8718,23
1,8724,65
1,8730,9
1,8736,68
1,8742,44
1,8748,35
1,8754,4
1,8760,60
1,8766,41
1,8772,62
1,8778,4
1,8784,37
1,8790,71
1,8796,67
1,8802,98
1,8808,75
1,8814,1
1,8820,35
1,8826,64
1,8832,22
1,8838,53
1,8844,4
1,8850,67
1,8856,70
1,8862,21
1,8868,84
1,8874,83
1,8880,42
1,8886,40
1,8892,63
1,8898,7
1,8904,65
1,8910,30
1,8916,16
1,8922,22
1,8928,55
1,8934,85
1,8940,66
1,8946,13
1,8952,63
1,8958,56
1,8964,69
1,8970,19
1,8976,97
1,8982,86
1,8988,98
1,8994,48
1,9000,22
1,9006,80
1,9012,18
1,9018,84
1,9024,33
1,9030,13
1,9036,89
1,9042,41
1,9048,3
1,9054,68
1,9060,25
1,9066,97
1,9072,4
1,9078,66
1,9084,14
1,9090,27
1,9096,61
1,9102,59
1,9108,57
1,9114,4
1,9120,57
1,9126,16
1,9132,67
1,9138,27
1,9144,89
1,9150,72
1,9156,10
1,9162,80
1,9168,95
1,9174,22
1,9180,23
1,9186,7
1,9192,55
1,9198,36
1,9204,35
1,9210,94
1,9216,75
1,9222,76
1,9228,92
1,9234,73
1,9240,6
1,9246,97
1,9252,12
1,9258,50
1,9264,99
1,9270,37
1,9276,53
1,9282,96
1,9288,34
1,9294,7
1,9300,1
1,9306,32
1,9312,32
1,9318,83
1,9324,83
1,9330,26
1,9336,18
1,9342,18
1,9348,10
1,9354,79
1,9360,37
1,9366,67
1,9372,49
1,9378,11
1,9384,79
1,9390,34
1,9396,100
1,9402,2
1,9408,81
1,9414,76
1,9420,34
1,9426,81
1,9432,61
1,9438,18
1,9444,1
1,9450,23
1,9456,5
1,9462,57
1,9468,79
1,9474,53
1,9480,86
1,9486,20
1,9492,96
1,9498,30
1,9504,15
1,9510,68
1,9516,73
1,9522,67
1,9528,87
1,9534,6
1,9540,32
1,9546,74
1,9552,77
1,9558,8
1,9564,64
1,9570,34
1,9576,58
1,9582,98
1,9588,16
1,9594,86
1,9600,86
1,9606,34
1,9612,32
1,9618,29
1,9624,78
1,9630,16
1,9636,42
1,9642,77
1,9648,64
1,9654,61
1,9660,85
1,9666,5
1,9672,20
1,9678,13
1,9684,97
1,9690,23
1,9696,33
1,9702,37
1,9708,54
1,9714,96
1,9720,46
1,9726,48
1,9732,11
1,9738,30
1,9744,77
1,9750,62
1,9756,25
1,9762,9
1,9768,51
1,9774,92
1,9780,13
1,9786,80
1,9792,62
1,9798,45
1,9804,32
1,9810,19
1,9816,14
1,9822,37
1,9828,48
1,9834,17
1,9840,52
1,9846,64
1,9852,86
1,9858,94
1,9864,51
1,9870,1
1,9876,56
1,9882,28
1,9888,57
1,9894,25
1,9900,43
1,9906,83
1,9912,58
1,9918,71
1,9924,3
1,9930,58
1,9936,84
1,9942,10
1,9948,5
1,9954,71
1,9960,26
1,9966,62
1,9972,97
1,9978,34
1,9984,67
1,9990,74
1,9996,97
3,6,12
3,12,98
3,18,23
3,24,5
3,30,90
3,36,18
3,42,82
3,48,16
3,54,89
3,60,37
3,66,67
3,72,52
3,78,71
3,84,16
3,90,70
3,96,85
3,102,56
3,108,32
3,114,44
3,120,90
3,126,72
3,132,65
3,138,70
3,144,44
3,150,28
3,156,28
3,162,36
3,168,48
3,174,28
3,180,67
3,186,3
3,192,89
3,198,18
3,204,21
3,210,3
3,216,36
3,222,66
3,228,12
3,234,5
3,240,91
3,246,28
3,252,99
3,258,27
3,264,44
3,270,88
3,276,60
3,282,40
3,288,11
3,294,2
3,300,21
3,306,4
3,312,52
3,318,55
3,324,13
3,330,54
3,336,49
3,342,86
3,348,8
3,354,47
3,360,46
3,366,71
3,372,95
3,378,20
3,384,53
3,390,50
3,396,70
3,402,28
3,408,51
3,414,49
3,420,50
3,426,43
3,432,96
3,438,9
3,444,31
3,450,65
3,456,72
3,462,26
3,468,3
3,474,77
3,480,15
3,486,9
3,492,4
3,498,48
3,504,49
3,510,45
3,516,46
3,522,26
3,528,59
3,534,99
3,540,47
3,546,12
3,552,69
3,558,85
3,564,81
3,570,66
3,576,84
3,582,19
3,588,93
3,594,56
3,600,6
3,606,60
3,612,93
3,618,57
3,624,21
3,630,27
3,636,44
3,642,56
3,648,48
3,654,47
3,660,12
3,666,30
3,672,74
3,678,82
3,684,14
3,690,40
3,696,86
3,702,25
3,708,15
3,714,83
3,720,20
3,726,84
3,732,48
3,738,49
3,744,5
3,750,85
3,756,13
3,762,71
3,768,63
3,774,10
3,780,31
3,786,75
3,792,100
3,798,57
3,804,32
3,810,59
3,816,30
3,822,17
3,828,92
3,834,69
3,840,18
3,846,66
3,852,86
3,858,31
3,864,78
3,870,46
3,876,33
3,882,40
3,888,32
3,894,91
3,900,90
3,906,0
3,912,96
3,918,37
3,924,25
3,930,63
3,936,37
3,942,96
3,948,13
3,954,42
3,960,44
3,966,97
3,972,93
3,978,18
3,984,24
3,990,38
3,996,91
3,1002,37
3,1008,79
3,1014,62
3,1020,32
3,1026,54
3,1032,73
3,1038,1
3,1044,68
3,1050,15
3,1056,17
3,1062,68
3,1068,98
3,1074,38
3,1080,63
3,1086,79
3,1092,54
3,1098,14
3,1104,5
3,1110,18
3,1116,1
3,1122,62
3,1128,50
3,1134,61
3,1140,75
3,1146,51
3,1152,54
3,1158,17
3,1164,9
3,1170,78
3,1176,40
3,1182,44
3,1188,43
3,1194,8
3,1200,2
3,1206,30
3,1212,44
3,1218,75
3,1224,91
3,1230,80
3,1236,26
3,1242,35
3,1248,96
3,1254,88
3,1260,94
3,1266,14
3,1272,79
3,1278,37
3,1284,22
3,1290,24
3,1296,71
3,1302,6
3,1308,61
3,1314,41
3,1320,61
3,1326,88
3,1332,23
3,1338,85
3,1344,25
3,1350,18
3,1356,98
3,1362,73
3,1368,30
3,1374,67
3,1380,33
3,1386,10
3,1392,12
3,1398,7
3,1404,86
3,1410,42
3,1416,51
3,1422,8
3,1428,97
3,1434,13
3,1440,17
3,1446,42
3,1452,68
3,1458,95
3,1464,33
3,1470,55
3,1476,9
3,1482,59
3,1488,71
3,1494,89
3,1500,54
3,1506,85
3,1512,83
3,1518,61
3,1524,3
3,1530,52
3,1536,12
3,1542,84
3,1548,70
3,1554,33
3,1560,1
3,1566,17
3,1572,40
3,1578,3
3,1584,73
3,1590,81
3,1596,66
3,1602,40
3,1608,70
3,1614,93
3,1620,85
3,1626,61
3,1632,21
3,1638,27
3,1644,9
3,1650,94
3,1656,46
3,1662,70
3,1668,88
3,1674,16
3,1680,66
3,1686,7
3,1692,79
3,1698,26
3,1704,63
3,1710,53
3,1716,3
3,1722,35
3,1728,33
3,1734,61
3,1740,45
3,1746,72
3,1752,53
3,1758,15
3,1764,14
3,1770,24
3,1776,89
3,1782,82
3,1788,88
3,1794,11
3,1800,91
3,1806,46
3,1812,3
3,1818,9
3,1824,5
3,1830,44
3,1836,15
3,1842,7
3,1848,45
3,1854,28
3,1860,93
3,1866,81
3,1872,3
3,1878,39
3,1884,29
3,1890,48
3,1896,6
3,1902,32
3,1908,98
3,1914,10
3,1920,83
3,1926,56
3,1932,28
3,1938,70
3,1944,93
3,1950,33
3,1956,3
3,1962,24
3,1968,45
3,1974,32
3,1980,78
3,1986,8
3,1992,45
3,1998,0
3,2004,98
3,2010,39
3,2016,71
3,2022,55
3,2028,32
3,2034,51
3,2040,55
3,2046,41
3,2052,17
3,2058,43
3,2064,22
3,2070,42
3,2076,96
3,2082,72
3,2088,70
3,2094,12
3,2100,78
3,2106,60
3,2112,3
3,2118,31
3,2124,87
3,2130,88
3,2136,7
3,2142,34
3,2148,54
3,2154,9
3,2160,100
3,2166,51
3,2172,53
3,2178,36
3,2184,23
3,2190,52
3,2196,87
3,2202,23
3,2208,34
3,2214,75
3,2220,37
3,2226,8
3,2232,37
3,2238,27
3,2244,10
3,2250,84
3,2256,77
3,2262,54
3,2268,14
3,2274,10
3,2280,77
3,2286,91
3,2292,81
3,2298,18
3,2304,88
3,2310,94
3,2316,73
3,2322,9
3,2328,28
3,2334,68
3,2340,18
3,2346,73
3,2352,28
3,2358,35
3,2364,50
3,2370,6
3,2376,77
3,2382,88
3,2388,28
3,2394,86
3,2400,62
3,2406,18
3,2412,73
3,2418,61
3,2424,0
3,2430,93
3,2436,45
3,2442,34
3,2448,66
3,2454,45
3,2460,37
3,2466,55
3,2472,59
3,2478,82
3,2484,32
3,2490,40
3,2496,31
3,2502,12
3,2508,17
3,2514,23
3,2520,3
3,2526,90
3,2532,85
3,2538,60
3,2544,9
3,2550,8
3,2556,11
3,2562,68
3,2568,7
3,2574,95
3,2580,20
3,2586,68
3,2592,17
3,2598,3
3,2604,39
3,2610,69
3,2616,96
3,2622,90
3,2628,33
3,2634,72
3,2640,30
3,2646,16
3,2652,48
3,2658,66
3,2664,76
3,2670,33
3,2676,1
3,2682,87
3,2688,12
3,2694,62
3,2700,26
3,2706,57
3,2712,23
3,2718,42
3,2724,82
3,2730,77
3,2736,98
3,2742,18
3,2748,17
3,2754,57
3,2760,74
3,2766,6
3,2772,29
3,2778,70
3,2784,77
3,2790,5
3,2796,19
3,2802,11
3,2808,29
3,2814,20
3,2820,45
3,2826,65
3,2832,74
3,2838,14
3,2844,79
3,2850,68
3,2856,8
3,2862,93
3,2868,70
3,2874,88
3,2880,54
3,2886,14
3,2892,49
3,2898,30
3,2904,50
3,2910,10
3,2916,56
3,2922,63
3,2928,95
3,2934,11
3,2940,84
3,2946,59
3,2952,28
3,2958,27
3,2964,94
3,2970,79
3,2976,98
3,2982,58
3,2988,35
3,2994,57
3,3000,54
3,3006,16
3,3012,100
3,3018,26
3,3024,46
3,3030,63
3,3036,49
3,3042,88
3,3048,8
3,3054,73
3,3060,18
3,3066,47
3,3072,21
3,3078,45
3,3084,76
3,3090,52
3,3096,68
3,3102,99
3,3108,37
3,3114,85
3,3120,66
3,3126,66
3,3132,67
3,3138,46
3,3144,67
3,3150,14
3,3156,70
3,3162,38
3,3168,51
3,3174,85
3,3180,78
3,3186,73
3,3192,98
3,3198,51
3,3204,74
3,3210,89
3,3216,31
3,3222,71
3,3228,66
3,3234,71
3,3240,66
3,3246,51
3,3252,45
3,3258,54
3,3264,25
3,3270,26
3,3276,29
3,3282,7
3,3288,53
3,3294,71
3,3300,58
3,3306,27
3,3312,24
3,3318,98
3,3324,12
3,3330,85
3,3336,93
3,3342,31
3,3348,97
3,3354,9
3,3360,77
3,3366,96
3,3372,6
3,3378,48
3,3384,19
3,3390,62
3,3396,96
3,3402,28
3,3408,53
3,3414,46
3,3420,46
3,3426,59
3,3432,98
3,3438,28
3,3444,86
3,3450,87
3,3456,68
3,3462,23
3,3468,80
3,3474,9
3,3480,0
3,3486,84
3,3492,53
3,3498,23
3,3504,97
3,3510,93
3,3516,47
3,3522,43
3,3528,89
3,3534,12
3,3540,75
3,3546,79
3,3552,74
3,3558,11
3,3564,39
3,3570,46
3,3576,62
3,3582,66
3,3588,46
3,3594,94
3,3600,42
3,3606,55
3,3612,27
3,3618,74
3,3624,5
3,3630,56
3,3636,35
3,3642,71
3,3648,85
3,3654,88
3,3660,93
3,3666,88
3,3672,3
3,3678,78
3,3684,44
3,3690,50
3,3696,41
3,3702,66
3,3708,4
3,3714,97
3,3720,82
3,3726,39
3,3732,84
3,3738,80
3,3744,50
3,3750,89
3,3756,65
3,3762,83
3,3768,84
3,3774,84
3,3780,91
3,3786,84
3,3792,88
3,3798,31
3,3804,72
3,3810,96
3,3816,64
3,3822,99
3,3828,57
3,3834,13
3,3840,43
3,3846,51
3,3852,64
3,3858,86
3,3864,93
3,3870,42
3,3876,24
3,3882,4
3,3888,82
3,3894,62
3,3900,88
3,3906,13
3,3912,53
3,3918,41
3,3924,75
3,3930,36
3,3936,82
3,3942,14
3,3948,36
3,3954,84
3,3960,38
3,3966,68
3,3972,48
3,3978,97
3,3984,64
3,3990,74
3,3996,60
3,4002,61
3,4008,28
3,4014,72
3,4020,9
3,4026,26
3,4032,92
3,4038,16
3,4044,96
3,4050,47
3,4056,30
3,4062,88
3,4068,86
3,4074,3
3,4080,32
3,4086,89
3,4092,64
3,4098,18
3,4104,16
3,4110,11
3,4116,48
3,4122,86
3,4128,8
3,4134,14
3,4140,36
3,4146,89
3,4152,16
3,4158,3
3,4164,87
3,4170,67
3,4176,69
3,4182,65
3,4188,84
3,4194,96
3,4200,17
3,4206,52
3,4212,79
3,4218,56
3,4224,36
3,4230,31
3,4236,73
3,4242,81
3,4248,16
3,4254,1
3,4260,39
3,4266,33
3,4272,28
3,4278,56
3,4284,46
3,4290,74
3,4296,52
3,4302,15
3,4308,27
3,4314,67
3,4320,39
3,4326,14
3,4332,83
3,4338,39
3,4344,84
3,4350,80
3,4356,84
3,4362,80
3,4368,50
3,4374,34
3,4380,92
3,4386,16
3,4392,19
3,4398,54
3,4404,8
3,4410,88
3,4416,62
3,4422,32
3,4428,72
3,4434,52
3,4440,29
3,4446,18
3,4452,90
3,4458,58
3,4464,50
3,4470,21
3,4476,65
3,4482,84
3,4488,60
3,4494,11
3,4500,10
3,4506,44
3,4512,2
3,4518,16
3,4524,77
3,4530,54
3,4536,77
3,4542,64
3,4548,21
3,4554,65
3,4560,58
3,4566,3
3,4572,26
3,4578,28
3,4584,67
3,4590,62
3,4596,39
3,4602,65
3,4608,0
3,4614,64
3,4620,55
3,4626,14
3,4632,43
3,4638,8
3,4644,23
3,4650,35
3,4656,70
3,4662,9
3,4668,26
3,4674,97
3,4680,93
3,4686,4
3,4692,49
3,4698,50
3,4704,16
3,4710,71
3,4716,80
3,4722,17
3,4728,32
3,4734,16
3,4740,86
3,4746,53
3,4752,87
3,4758,88
3,4764,54
3,4770,25
3,4776,35
3,4782,82
3,4788,84
3,4794,10
3,4800,14
3,4806,14
3,4812,91
3,4818,63
3,4824,28
3,4830,75
3,4836,33
3,4842,22
3,4848,85
3,4854,84
3,4860,47
3,4866,51
3,4872,51
3,4878,55
3,4884,91
3,4890,93
3,4896,93
3,4902,5
3,4908,75
3,4914,84
3,4920,35
3,4926,100
3,4932,92
3,4938,34
3,4944,2
3,4950,33
3,4956,19
3,4962,1
3,4968,49
3,4974,66
3,4980,31
3,4986,95
3,4992,21
3,4998,39
3,5004,32
3,5010,32
3,5016,8
3,5022,46
3,5028,83
3,5034,70
3,5040,71
3,5046,9
3,5052,87
3,5058,6
3,5064,58
3,5070,45
3,5076,50
3,5082,5
3,5088,100
3,5094,5
3,5100,77
3,5106,83
3,5112,4
3,5118,57
3,5124,64
3,5130,30
3,5136,79
3,5142,13
3,5148,71
3,5154,61
3,5160,7
3,5166,56
3,5172,100
3,5178,44
3,5184,11
3,5190,52
3,5196,15
3,5202,39
3,5208,62
3,5214,67
3,5220,4
3,5226,66
3,5232,47
3,5238,22
3,5244,16
3,5250,70
3,5256,23
3,5262,73
3,5268,22
3,5274,56
3,5280,39
3,5286,97
3,5292,40
3,5298,14
3,5304,5
3,5310,66
3,5316,84
3,5322,21
3,5328,99
3,5334,18
3,5340,65
3,5346,49
3,5352,12
3,5358,48
3,5364,78
3,5370,81
3,5376,28
3,5382,83
3,5388,1
3,5394,2
3,5400,33
3,5406,34
3,5412,10
3,5418,37
3,5424,42
3,5430,70
3,5436,95
3,5442,61
3,5448,34
3,5454,43
3,5460,38
3,5466,17
3,5472,0
3,5478,11
3,5484,83
3,5490,53
3,5496,96
3,5502,55
3,5508,91
3,5514,73
3,5520,75
3,5526,92
3,5532,18
3,5538,57
3,5544,70
3,5550,87
3,5556,76
3,5562,52
3,5568,30
3,5574,44
3,5580,58
3,5586,64
3,5592,29
3,5598,86
3,5604,37
3,5610,79
3,5616,56
3,5622,94
3,5628,35
3,5634,83
3,5640,68
3,5646,6
3,5652,87
3,5658,2
3,5664,68
3,5670,70
3,5676,87
3,5682,21
3,5688,47
3,5694,9
3,5700,30
3,5706,18
3,5712,36
3,5718,22
3,5724,80
3,5730,36
3,5736,58
3,5742,60
3,5748,95
3,5754,96
3,5760,45
3,5766,80
3,5772,44
3,5778,59
3,5784,43
3,5790,13
3,5796,27
3,5802,42
3,5808,16
3,5814,51
3,5820,73
3,5826,82
3,5832,81
3,5838,75
3,5844,3
3,5850,89
3,5856,47
3,5862,62
3,5868,17
3,5874,25
3,5880,50
3,5886,62
3,5892,47
3,5898,85
3,5904,52
3,5910,59
3,5916,54
3,5922,69
3,5928,70
3,5934,59
3,5940,19
3,5946,89
3,5952,7
3,5958,62
3,5964,32
3,5970,56
3,5976,4
3,5982,48
3,5988,40
3,5994,49
3,6000,78
3,6006,43
3,6012,97
3,6018,61
3,6024,95
3,6030,15
3,6036,75
3,6042,26
3,6048,16
3,6054,80
3,6060,83
3,6066,0
3,6072,73
3,6078,69
3,6084,42
3,6090,70
3,6096,55
3,6102,89
3,6108,77
3,6114,36
3,6120,10
3,6126,16
3,6132,47
3,6138,95
3,6144,51
3,6150,85
3,6156,65
3,6162,92
3,6168,62
3,6174,87
3,6180,3
3,6186,26
3,6192,97
3,6198,62
3,6204,43
3,6210,41
3,6216,3
3,6222,11
3,6228,11
3,6234,21
3,6240,61
3,6246,81
3,6252,27
3,6258,71
3,6264,7
3,6270,67
3,6276,67
3,6282,74
3,6288,61
3,6294,11
3,6300,30
3,6306,86
3,6312,32
3,6318,45
3,6324,58
3,6330,53
3,6336,28
3,6342,38
3,6348,67
3,6354,35
3,6360,1
3,6366,73
3,6372,15
3,6378,57
3,6384,97
3,6390,44
3,6396,95
3,6402,74
3,6408,63
3,6414,69
3,6420,55
3,6426,56
3,6432,30
3,6438,3
3,6444,95
3,6450,15
3,6456,18
3,6462,97
3,6468,11
3,6474,99
3,6480,87
3,6486,15
3,6492,43
3,6498,99
3,6504,62
3,6510,25
3,6516,25
3,6522,45
3,6528,58
3,6534,52
3,6540,89
3,6546,87
3,6552,36
3,6558,76
3,6564,38
3,6570,94
3,6576,69
3,6582,90
3,6588,93
3,6594,16
3,6600,57
3,6606,69
3,6612,1
3,6618,96
3,6624,30
3,6630,24
3,6636,85
3,6642,82
3,6648,98
3,6654,85
3,6660,59
3,6666,29
3,6672,3
3,6678,82
3,6684,41
3,6690,43
3,6696,72
3,6702,83
3,6708,99
3,6714,85
3,6720,57
3,6726,8
3,6732,55
3,6738,30
3,6744,18
3,6750,67
3,6756,62
3,6762,99
3,6768,86
3,6774,55
3,6780,68
3,6786,14
3,6792,65
3,6798,16
3,6804,73
3,6810,90
3,6816,53
3,6822,20
3,6828,25
3,6834,40
3,6840,85
3,6846,56
3,6852,61
3,6858,0
3,6864,62
3,6870,49
3,6876,77
3,6882,29
3,6888,90
3,6894,36
3,6900,37
3,6906,78
3,6912,27
3,6918,100
3,6924,1
3,6930,30
3,6936,91
3,6942,34
3,6948,71
3,6954,94
3,6960,92
3,6966,31
3,6972,7
3,6978,3
3,6984,51
3,6990,22
3,6996,43
3,7002,46
3,7008,98
3,7014,74
3,7020,53
3,7026,3
3,7032,65
3,7038,2
3,7044,57
3,7050,60
3,7056,28
3,7062,43
3,7068,59
3,7074,24
3,7080,15
3,7086,76
3,7092,14
3,7098,30
3,7104,59
3,7110,84
3,7116,63
3,7122,60
3,7128,92
3,7134,64
3,7140,75
3,7146,75
3,7152,82
3,7158,77
3,7164,43
3,7170,76
3,7176,63
3,7182,44
3,7188,82
3,7194,34
3,7200,83
3,7206,38
3,7212,77
3,7218,44
3,7224,13
3,7230,15
3,7236,78
3,7242,96
3,7248,60
3,7254,34
3,7260,0
3,7266,73
3,7272,16
3,7278,92
3,7284,97
3,7290,45
3,7296,65
3,7302,39
3,7308,85
3,7314,5
3,7320,70
3,7326,43
3,7332,30
3,7338,96
3,7344,15
3,7350,86
3,7356,79
3,7362,89
3,7368,90
3,7374,33
3,7380,11
3,7386,52
3,7392,23
3,7398,100
3,7404,25
3,7410,57
3,7416,2
3,7422,1
3,7428,69
3,7434,45
3,7440,32
3,7446,0
3,7452,4
3,7458,32
3,7464,84
3,7470,25
3,7476,80
3,7482,50
3,7488,68
3,7494,98
3,7500,84
3,7506,24
3,7512,45
3,7518,23
3,7524,39
3,7530,57
3,7536,86
3,7542,56
3,7548,51
3,7554,66
3,7560,55
3,7566,34
3,7572,93
3,7578,34
3,7584,87
3,7590,51
3,7596,11
3,7602,47
3,7608,93
3,7614,97
3,7620,5
3,7626,25
3,7632,84
3,7638,83
3,7644,75
3,7650,100
3,7656,93
3,7662,63
3,7668,89
3,7674,64
3,7680,10
3,7686,100
3,7692,69
3,7698,90
3,7704,96
3,7710,61
3,7716,39
3,7722,92
3,7728,43
3,7734,26
3,7740,51
3,7746,82
3,7752,66
3,7758,57
3,7764,89
3,7770,3
3,7776,15
3,7782,98
3,7788,35
3,7794,75
3,7800,96
3,7806,22
3,7812,18
3,7818,35
3,7824,97
3,7830,15
3,7836,29
3,7842,97
3,7848,48
3,7854,86
3,7860,50
3,7866,50
3,7872,54
3,7878,47
3,7884,48
3,7890,78
3,7896,11
3,7902,91
3,7908,49
3,7914,99
3,7920,63
3,7926,66
3,7932,26
3,7938,36
3,7944,99
3,7950,92
3,7956,5
3,7962,74
3,7968,49
3,7974,92
3,7980,50
3,7986,50
3,7992,39
3,7998,91
3,8004,21
3,8010,30
3,8016,40
3,8022,66
3,8028,23
3,8034,71
3,8040,56
3,8046,38
3,8052,44
3,8058,6
3,8064,36
3,8070,25
3,8076,20
3,8082,0
3,8088,14
3,8094,31
3,8100,15
3,8106,30
3,8112,51
3,8118,64
3,8124,1
3,8130,46
3,8136,62
3,8142,64
3,8148,42
3,8154,23
3,8160,95
3,8166,72
3,8172,73
3,8178,5
3,8184,2
3,8190,37
3,8196,8
3,8202,40
3,8208,40
3,8214,19
3,8220,14
3,8226,72
3,8232,96
3,8238,8
3,8244,18
3,8250,65
3,8256,61
3,8262,26
3,8268,34
3,8274,26
3,8280,59
3,8286,86
3,8292,63
3,8298,39
3,8304,60
3,8310,12
3,8316,48
3,8322,52
3,8328,37
3,8334,89
3,8340,61
3,8346,84
3,8352,88
3,8358,47
3,8364,69
3,8370,33
3,8376,39
3,8382,99
3,8388,31
3,8394,82
3,8400,68
3,8406,0
3,8412,56
3,8418,99
3,8424,79
3,8430,37
3,8436,74
3,8442,70
3,8448,13
3,8454,80
3,8460,58
3,8466,26
3,8472,49
3,8478,90
3,8484,42
3,8490,60
3,8496,27
3,8502,94
3,8508,32
3,8514,63
3,8520,13
3,8526,20
3,8532,34
3,8538,3
3,8544,24
3,8550,39
3,8556,22
3,8562,4
3,8568,37
3,8574,30
3,8580,39
3,8586,72
3,8592,28
3,8598,63
3,8604,45
3,8610,91
3,8616,73
3,8622,59
3,8628,10
3,8634,47
3,8640,58
3,8646,2
3,8652,4
3,8658,48
3,8664,83
3,8670,40
3,8676,37
3,8682,2
3,8688,30
3,8694,46
3,8700,78
3,8706,1
3,8712,44
3,8718,58
3,8724,58
3,8730,91
3,8736,91
3,8742,19
3,8748,67
3,8754,13
3,8760,29
3,8766,93
3,8772,71
3,8778,3
3,8784,9
3,8790,52
3,8796,42
3,8802,61
3,8808,13
3,8814,49
3,8820,19
3,8826,96
3,8832,31
3,8838,9
3,8844,16
3,8850,71
3,8856,24
3,8862,33
3,8868,10
3,8874,99
3,8880,78
3,8886,7
3,8892,4
3,8898,76
3,8904,21
3,8910,100
3,8916,72
3,8922,49
3,8928,21
3,8934,42
3,8940,33
3,8946,97
3,8952,89
3,8958,40
3,8964,36
3,8970,19
3,8976,67
3,8982,24
3,8988,100
3,8994,54
3,9000,1
3,9006,27
3,9012,76
3,9018,80
3,9024,56
3,9030,7
3,9036,15
3,9042,33
3,9048,14
3,9054,30
3,9060,59
3,9066,43
3,9072,96
3,9078,65
3,9084,32
3,9090,96
3,9096,100
3,9102,6
3,9108,10
3,9114,10
3,9120,2
3,9126,96
3,9132,67
3,9138,8
3,9144,41
3,9150,55
3,9156,20
3,9162,75
3,9168,58
3,9174,76
3,9180,96
3,9186,80
3,9192,8
3,9198,33
3,9204,12
3,9210,65
3,9216,9
3,9222,20
3,9228,64
3,9234,94
3,9240,86
3,9246,1
3,9252,80
3,9258,31
3,9264,51
3,9270,34
3,9276,33
3,9282,34
3,9288,38
3,9294,3
3,9300,82
3,9306,21
3,9312,50
3,9318,89
3,9324,8
3,9330,18
3,9336,79
3,9342,71
3,9348,46
3,9354,27
3,9360,68
3,9366,39
3,9372,75
3,9378,82
3,9384,30
3,9390,19
3,9396,81
3,9402,42
3,9408,91
3,9414,32
3,9420,59
3,9426,46
3,9432,5
3,9438,59
3,9444,78
3,9450,16
3,9456,29
3,9462,50
3,9468,29
3,9474,8
3,9480,11
3,9486,73
3,9492,68
3,9498,73
3,9504,28
3,9510,44
3,9516,33
3,9522,0
3,9528,54
3,9534,47
3,9540,35
3,9546,77
3,9552,21
3,9558,64
3,9564,99
3,9570,39
3,9576,30
3,9582,77
3,9588,31
3,9594,49
3,9600,12
3,9606,88
3,9612,36
3,9618,30
3,9624,32
3,9630,48
3,9636,54
3,9642,58
3,9648,30
3,9654,52
3,9660,91
3,9666,91
3,9672,88
3,9678,19
3,9684,89
3,9690,32
3,9696,47
3,9702,16
3,9708,34
3,9714,5
3,9720,89
3,9726,22
3,9732,82
3,9738,43
3,9744,24
3,9750,32
3,9756,84
3,9762,73
3,9768,33
3,9774,46
3,9780,8
3,9786,6
3,9792,72
3,9798,83
3,9804,51
3,9810,73
3,9816,76
3,9822,0
3,9828,66
3,9834,84
3,9840,41
3,9846,76
3,9852,27
3,9858,42
3,9864,97
3,9870,10
3,9876,44
3,9882,30
3,9888,0
3,9894,79
3,9900,14
3,9906,0
3,9912,43
3,9918,10
3,9924,32
3,9930,44
3,9936,78
3,9942,3
3,9948,79
3,9954,93
3,9960,60
3,9966,71
3,9972,57
3,9978,34
3,9984,0
3,9990,32
3,9996,24
